3989
16385
24579
8198
32776
40968
8
9
24586
40973
32782
14
32784
16
16402
40980
20
16406
23
26
27
28
16413
8222
31
16417
34
8228
36
40998
42
45
46
16432
41009
53
8249
16445
61
41022
63
8256
65
66
41027
16452
68
69
41029
41033
77
80
41041
87
16474
41050
16475
16481
8290
16482
41060
32874
107
109
41071
16496
114
32884
24693
24694
118
32887
120
16505
121
122
41083
125
128
32898
130
132
133
134
16518
137
41099
8332
8333
16526
24718
143
8336
24722
148
16537
153
156
16542
32932
41125
165
32934
166
41131
174
32948
180
182
183
41146
188
190
32959
41151
192
193
195
196
8395
208
209
24786
8408
32984
16601
217
41178
24796
32990
41182
24801
227
41188
16612
228
32999
33000
237
33006
41199
241
246
41207
248
8443
33021
259
260
264
24842
24843
268
273
275
41236
33044
276
277
287
290
16677
295
299
302
309
313
16698
316
41278
16704
8513
328
333
336
337
339
16725
342
344
345
359
8552
361
33133
365
366
368
16754
33140
372
373
374
33142
377
380
383
41348
8584
392
394
24971
397
398
24976
400
401
8594
408
16793
411
33182
414
41375
417
33186
41379
420
33189
41381
425
428
25005
433
434
8627
435
437
16824
8635
443
25020
444
449
450
16840
8650
459
467
472
477
478
479
481
483
488
33256
490
494
8687
495
496
498
16884
503
506
33275
507
509
16895
512
513
515
33287
16903
8713
521
523
524
41486
41488
529
531
33303
535
536
537
540
545
33314
25124
16934
25126
8743
552
562
33332
41526
566
567
33335
16951
33338
570
571
572
16958
576
41538
579
8773
41544
41545
41551
591
25173
598
603
606
608
16995
16998
8806
615
33385
617
619
41581
621
17006
628
629
8823
633
17018
638
17022
33406
645
25222
33415
647
33418
651
655
656
657
659
661
663
664
665
33435
25246
17055
41631
25248
674
676
25255
25256
680
8875
41644
686
33455
687
8880
690
694
695
41656
696
33465
698
17083
701
8894
25278
705
706
17091
707
8901
711
25288
712
713
716
719
17105
8915
41684
25301
728
8922
730
17115
8925
33505
738
740
741
743
8938
747
17133
749
751
25328
752
25332
756
757
8950
41718
759
765
33536
768
771
41734
774
8970
25354
778
41743
33551
786
788
25366
795
796
8988
799
803
25380
804
808
33578
811
41772
812
815
818
824
33594
827
830
17215
9024
832
33601
834
33603
835
838
842
843
33612
847
9046
854
856
858
859
17245
25438
863
865
866
9061
869
871
41832
25448
872
874
41835
33644
17261
9072
9073
25458
17267
884
41846
888
17273
41850
893
894
895
17280
25472
901
902
17289
906
908
17293
911
9107
918
25495
920
925
927
929
930
933
17321
938
939
33709
944
950
33721
956
958
960
33729
41923
41924
967
968
17356
972
975
41936
41938
984
986
987
988
9181
25571
17383
25576
33769
41962
1004
1006
1007
9201
9203
33779
1012
1014
1015
1016
9209
1017
1018
1022
17410
1033
41995
17423
25617
42001
1045
1048
17435
17439
1056
17445
9254
1063
42024
1064
9258
1067
1068
33838
1070
1071
33844
42037
1077
42038
1078
1081
33851
1084
9277
1089
17476
9285
1093
1097
1101
1104
1107
17492
1109
17495
25687
1111
1112
1115
42077
1118
42083
25700
1127
33899
1131
17522
25715
1139
42105
1146
33914
1147
42108
1155
1156
17542
9350
1160
42122
42124
1165
1168
1170
1173
1174
1177
17561
9369
1178
1179
33948
42141
33950
1184
9377
1187
17572
33957
1189
1192
1193
1194
1195
42156
1196
1197
1199
42162
17587
1204
1205
1206
25782
1208
33978
1210
9404
1213
1219
25799
1224
33993
1226
1228
1231
17616
1232
1245
1246
25826
34020
25832
1256
1257
9452
1263
25840
1269
1272
1274
1275
25855
1279
1280
1284
1285
1287
1289
42253
34062
1294
17679
1295
9489
25873
9490
1300
17687
1304
1307
9504
1312
1314
25891
1317
1319
42281
34090
9516
1324
1327
25904
1329
1330
34101
9525
34102
1334
25911
1335
1336
1342
1344
42304
25920
17729
1345
1347
1352
1355
17741
34125
1357
9550
34129
9555
1363
17748
1366
25945
17754
42330
1372
1373
17759
1377
9570
1378
1385
9579
1387
1388
17773
34160
1392
34162
1394
1395
1397
17782
1402
1403
25980
1404
1409
25989
1414
25991
1416
1418
17805
34189
34191
1424
1425
9619
42389
1429
1431
9623
9626
1434
1435
17823
1443
34214
1446
42408
26025
1450
17838
1454
1456
1458
1460
1461
17849
1466
34238
1470
1471
34241
9670
1480
1482
26059
34253
17871
1487
1489
1490
1493
26070
1495
1498
1499
1502
42464
1506
1509
1513
17901
1517
1518
1521
1522
1527
1529
1531
1532
1534
1536
17922
1541
1544
17930
1547
1549
1551
17936
42513
1553
17938
1554
1560
34328
42521
1561
9754
26138
1566
9760
1570
1574
34343
1576
1580
1583
9776
1588
9786
1595
1596
17983
1599
1602
1603
9802
26189
1615
18002
1620
34389
1621
26198
9814
18008
9817
18009
1626
1630
1634
34403
9829
1637
1640
9833
1641
1644
9840
1650
42611
18039
1655
1656
1658
18049
9857
1668
42630
1671
26249
1673
1675
26252
18063
34447
1682
1684
34453
9879
18071
26263
34456
1688
9884
1692
1694
9889
1699
34472
1706
1708
26294
9912
1720
1725
1726
1730
42690
34499
1733
1735
1742
1747
1750
1751
34519
1752
1753
1754
1755
1756
34527
26335
1760
18145
1766
1767
42728
1768
1771
34540
1774
1777
1779
42743
1784
26364
1789
1793
1794
26372
42757
1797
34566
1802
1804
1805
34575
10003
1813
1817
1823
1824
34593
34597
1836
10033
18228
1845
26428
10045
1854
26434
1858
26435
1860
18248
1865
10058
34634
1868
1872
42836
1876
1877
18265
1882
1887
42854
18279
1895
42858
1900
1903
1906
18291
1907
1909
26489
26491
42875
1915
1918
42882
1922
1925
1926
1927
18312
1929
1930
10124
10125
1934
1936
1937
1938
10131
1940
34709
1942
18329
1946
42907
1947
26526
1952
1954
10148
1956
1959
1964
18349
1965
1968
1970
18356
1973
1974
1975
1977
34748
1980
1982
34751
18368
42945
1988
1989
1991
10186
1997
1999
42962
2002
42963
10199
2008
2010
2011
2014
26596
2020
2022
2023
18408
2024
2028
2029
2032
2034
2037
2038
10234
10235
2045
2052
34824
18440
2058
2063
2065
10259
2067
34840
2073
18458
18463
2079
18465
2081
2086
2087
2088
2090
2097
26674
2099
26676
10293
2101
10295
2103
2104
2107
2111
43072
2112
2113
26690
2114
2116
10312
2121
2122
18509
2125
18511
43089
2135
18524
2140
18525
10336
10338
2146
2149
2150
18535
2151
2152
34922
2159
2162
18548
2165
18552
2168
2171
34940
34942
2176
10369
10370
43138
2178
18564
2185
2186
2187
2188
2190
18578
2200
18589
2206
2208
10401
26787
2212
2214
2217
43177
2219
2222
18607
10417
2226
2227
2234
10430
2240
35011
2244
18630
18633
26826
2250
35019
18637
2254
43217
2258
2261
18647
2263
43224
2266
18652
26846
2270
35039
10467
2275
2280
2281
2282
2283
2284
2285
2286
2287
18672
2291
2298
10491
2300
2303
2304
26882
2306
2309
35078
2310
18696
10507
2315
2317
2318
43279
10514
18708
2324
10519
2329
43291
2331
2333
35102
2335
18720
2340
2343
2345
2347
26924
2350
2351
2356
2357
35126
2358
35127
2362
2363
26940
2364
2365
2366
2368
2370
43332
2373
2375
2376
2379
2384
2385
35154
43347
26963
26964
2388
26969
2396
2398
26976
2400
10594
43367
35175
2409
10602
26993
2418
2420
18807
2424
18809
2425
2427
27005
2431
35201
2434
35204
2437
10632
27020
2445
35214
2446
2448
2450
2451
10646
2454
27032
2457
27033
10653
2462
18849
43426
2468
2470
2472
27049
10667
18860
35247
2481
27060
2484
2485
2486
2489
2491
43457
10690
2498
18884
2501
2505
2506
27082
18893
2510
2511
2512
2515
2517
18902
2520
10715
2523
2524
2525
18912
2529
2530
2532
10729
2539
10731
27119
10735
43506
2546
10739
2549
2550
2552
2553
43514
2554
2558
2560
35329
43523
10758
18952
18955
2571
10765
2574
27151
10771
2580
2582
2586
27163
2590
43553
2595
43556
2596
27174
2598
43562
2603
18989
10798
43567
43573
2613
2614
2622
2624
19010
27202
2627
2628
35400
2633
2636
19021
2638
10832
2640
35409
2641
2642
43603
2643
43605
35413
35416
2648
10841
2650
27228
2652
2655
2664
2667
35436
2668
2672
2675
2676
2679
19064
2682
2687
10880
2690
2693
2694
2695
2697
2699
2700
10893
10894
19087
2707
2709
19094
2712
19097
43676
35484
2717
2719
2720
27300
10916
2726
35495
2728
2730
2731
19117
2734
35508
2747
2748
2749
43713
2753
2754
2755
35527
2759
43723
27345
35540
2773
2777
2781
2782
2785
2789
2790
27368
43753
19178
2796
2803
2805
11000
2808
2811
11005
27391
2816
2819
43786
2829
27407
2832
27409
27410
2839
35608
11033
2843
2844
43805
2849
35619
2851
19236
19237
2859
2867
11060
2868
2870
2873
19259
2875
2876
2877
2879
2882
2892
27469
2894
2897
35666
19285
35672
43872
2912
2915
35687
2920
27499
2924
19310
2927
2928
19314
19316
2935
2937
19322
2939
2940
27518
2943
2944
19329
2947
2950
27533
2959
2960
11155
2975
2976
19363
35748
43941
35751
2984
43945
2985
2988
35758
2991
35761
2993
2994
2996
2998
3001
43962
3004
3009
3010
3012
43974
3016
3020
3022
3023
3027
43989
3033
27612
3037
3038
35806
11230
19423
3039
27616
3041
3044
3045
3047
44010
3050
3051
3052
3056
3057
19442
3058
3060
3062
3065
3066
3069
3070
3071
11263
3072
3075
35843
19461
3077
35846
11270
3083
3084
3086
19471
3090
3091
3093
3094
19479
3095
11288
3096
3100
3101
3103
35873
19489
3105
11298
3106
3108
19494
3112
19500
11310
19502
3118
3121
44083
44085
35894
19511
19512
3128
3131
3132
19517
19520
3137
27715
11331
11333
3144
3147
3149
3150
11345
3153
3154
3155
3156
3157
3158
44120
3160
19546
3162
3164
11359
3167
3168
3169
19555
27748
19558
3177
3183
3185
11378
11379
44147
3188
27766
19575
3192
3196
35965
19583
27775
3201
44162
3202
3204
3205
3206
44169
3214
11410
3220
11413
19605
44185
35994
3226
19613
3229
3230
11423
3231
3233
3234
27812
3238
27815
3239
11432
3249
11445
36023
3256
3259
3260
3262
11455
3264
3266
3267
3268
3270
3272
3274
19660
3276
19663
3279
3282
11475
36055
3288
27865
3289
3290
3291
19682
11490
3298
44264
11496
3305
3306
3309
3310
3312
44279
3321
36090
11516
3324
19709
27901
44286
27907
3334
27911
3335
19724
3341
3342
27921
44305
27926
3354
19739
44315
3355
19740
27935
3360
11553
19747
3365
3366
19752
3368
3369
3374
36143
44335
3375
44340
11574
19766
3382
3384
3385
3386
3389
11586
44355
3395
3396
11590
3398
36168
3402
19792
27984
3409
3411
3412
36181
44374
3414
3415
11609
3418
11614
3423
28000
3424
11617
36193
44388
19812
11623
11625
3433
3438
36208
11632
3441
44406
36216
3448
11642
3450
3453
36223
3455
3456
36224
3458
3459
3461
3465
3470
3474
36245
19862
3479
3481
19868
3484
3485
44446
19874
36259
3492
3493
3497
3498
3504
3505
3506
19893
44469
44476
36285
3517
3519
3520
44481
19906
3522
3527
36296
11721
3531
3533
3539
19927
3543
19929
11742
3551
44517
19942
3558
36327
44521
3566
3568
3570
3573
3576
36346
3578
19964
3583
3586
3588
36367
28177
36371
3604
11797
3605
3606
44569
3609
36379
3611
3615
36384
20000
3617
3618
11813
36393
3626
36398
3631
36400
3635
11831
3639
3642
28220
3645
3648
36418
3651
3654
20041
3657
3659
3660
36429
3664
36432
36434
3668
3670
3672
28250
3674
3676
3678
3680
3681
3682
3684
20069
3685
3687
3688
11882
44650
36459
3692
28270
28272
3700
28282
20090
36477
44670
3711
3712
36485
3724
11917
3725
44690
3732
3733
3734
28311
3735
11928
3740
11932
3741
44703
3743
3744
3745
11938
3746
28323
3751
3752
44714
44715
11948
3756
3757
3758
20143
3761
3764
11957
28342
36535
3767
44733
3774
20159
36544
44736
3777
20165
3782
11975
3783
28360
3786
20171
3788
11981
3791
36560
36562
20179
3796
11991
3803
3804
36573
3805
3808
3809
3810
3811
28388
3814
3820
3821
3824
3825
12018
3826
3834
3836
20224
3841
20228
3845
3846
44807
3849
3851
3852
12045
36624
3858
12051
3859
3862
44823
12056
3865
3867
20252
3873
28450
3874
44838
3880
20265
3886
20272
3888
44852
3893
12088
3897
3898
3899
3903
44865
12099
44869
3913
3916
28492
3917
3918
3919
44882
12117
3927
3928
3929
3931
36700
3932
3933
3934
3935
3938
3939
3941
3942
36713
3945
3946
3947
3950
20336
3954
3955
36724
44916
3956
3958
3959
3960
3962
3964
44926
3969
3972
3975
12173
3981
20369
12180
3990
3991
44952
36764
3997
4000
20386
20387
44965
20390
4006
4009
4011
12204
44975
4016
12210
4018
36790
28599
44985
4025
12219
4028
12223
44993
36801
4033
4035
28617
4041
4045
36814
4046
36819
4052
4057
4060
4063
28643
4069
45033
36847
28655
20471
4087
4088
36860
4092
45055
4097
12293
4101
20486
4102
4105
4106
36879
4113
4116
20505
4122
4126
4129
12326
4134
4138
36908
12337
4145
36915
4148
36917
36919
4152
4160
4165
4166
4168
4178
4183
36956
4188
4189
12382
4194
36963
28771
20580
4198
4199
4207
4210
20595
36989
12414
12416
4225
4230
4231
20617
4233
4237
4240
12433
28817
4242
28820
20629
4248
12442
28829
4253
4254
4256
4259
28836
4261
4264
4266
4267
4270
4274
4275
4278
4281
4288
4289
28866
12483
4294
28871
4295
4296
4298
4299
4300
12493
4302
28880
4304
28882
4311
20696
4312
12509
20710
4326
4327
20716
28914
4338
4339
37109
4342
4343
4344
37114
4348
37117
20733
4353
12546
4359
4360
20746
4363
4366
20751
4367
4369
4370
20758
4376
37146
20763
4380
12574
4382
20767
4383
4386
4387
37157
4390
37160
37161
4396
4398
28980
37172
4407
4410
20795
4412
4413
20798
4419
4420
4423
12617
29001
4427
37197
4431
4432
29009
4433
4435
37205
4437
4438
12635
4453
4455
37225
12654
4462
29040
29042
12659
4470
12663
29048
12670
4479
4480
29057
4481
37251
4483
4484
4486
4488
4492
4497
4498
12692
4501
4504
12697
4506
20893
4509
20894
4510
4512
12706
4517
4525
4531
4532
12726
4535
4536
4538
4540
20933
4550
20937
4557
37326
4559
4560
37330
4563
29140
4566
12759
37335
4567
4568
4569
4571
29148
4572
4577
4582
4583
4585
20970
12780
4592
29170
4599
4600
12792
4602
4603
4605
29183
4608
4610
4611
4619
4626
4628
4629
12822
21014
21017
21020
29212
4636
21021
4639
4640
4644
4645
4649
4651
4654
37423
29233
29235
29236
4664
4669
4671
4673
4676
37445
37447
4679
4680
37449
21065
4682
21068
4684
12878
4686
4687
4689
4690
21075
4691
29268
4693
29270
4695
4700
4701
12894
37471
29281
4705
21093
4712
37481
4713
37483
4715
29292
4723
12918
4728
4730
4731
4732
4733
4734
29314
4740
4743
21128
4745
37516
4748
4749
12942
4751
4754
37525
21146
4765
4767
12959
4768
4772
12965
4773
21164
4781
4786
4788
37557
4790
12983
4791
4794
29371
4796
29374
4799
4800
4805
37576
37579
4811
13009
21207
4824
4825
4826
13020
4832
4833
4836
4845
4846
4849
13042
4850
4851
29435
4859
37628
4862
4865
4867
4868
13061
4869
4870
37639
37642
29452
21262
4878
4883
4884
4888
4889
4892
4894
37664
21292
29485
4911
4912
4917
4918
4919
4921
4922
13116
37692
4928
4929
4930
4931
4932
21317
4933
4936
13132
21325
4941
29519
4943
4945
4946
37717
4949
4956
4959
21346
4962
4964
13157
29541
4966
13158
4970
4972
4973
4974
29554
4983
4985
37754
4986
13180
4988
4990
4993
4994
21380
4998
37768
37770
29581
21391
13200
13205
5014
5015
5019
5023
5025
5027
5029
21414
21415
5031
29607
5032
37801
21417
5035
13228
21420
5038
5042
5051
29628
5052
5054
5056
5062
5063
5068
21453
5069
5070
5073
5074
29651
5076
5079
13274
21466
5083
29664
5088
5089
5090
5091
5100
5105
13298
5107
5108
5110
37882
5115
5119
37887
21504
5121
21508
5127
5128
21514
5130
5131
21516
21523
5141
5143
5144
29725
5149
21534
5150
37919
5156
21544
29736
5160
5161
13354
5162
5163
5166
5168
5170
5172
5175
5177
5179
5180
21570
5191
5192
5194
5195
5199
29777
29780
5204
5210
29789
5214
5221
5224
5227
21612
21615
13424
5235
5236
21621
5239
5240
5243
5244
5245
5247
5248
38017
21637
5256
5257
21644
29842
5270
5273
21658
38044
5276
5277
21663
5281
13474
5282
5284
5286
21673
5289
29867
21677
5293
13487
21681
5298
5299
5300
5301
5302
38074
5306
5308
5309
5310
38080
5313
21698
5316
21702
5318
29895
5319
29896
5321
5322
21710
5326
5330
5331
29909
5333
5335
5338
21724
5343
21729
5347
21732
38117
21734
5353
29935
5359
29936
5360
5362
5368
38139
13564
38141
29949
5373
5375
5378
21763
5379
5381
5383
29962
13584
5392
5393
5395
29972
5397
21782
5399
5400
5402
5405
5406
5410
38179
13604
13608
5416
5418
5419
5420
38193
5425
30002
13622
5430
13625
21817
38202
13628
5436
38205
30024
5448
5452
5454
5455
5458
5461
13657
21856
5472
38241
38243
5479
5481
38254
5488
5489
5492
13688
5504
5506
5510
13704
5512
5514
5520
5523
38293
5525
13718
5527
21912
5536
21922
21925
5542
5547
30126
30128
38320
5553
13746
38323
21940
5558
5570
30147
13766
5575
13768
5581
21966
30159
5583
30160
21971
5588
5589
30167
5592
5596
21981
5597
5599
5600
30177
38369
30178
5603
5606
38383
21999
5616
5617
38388
5621
5622
22007
5627
30204
30205
13822
30207
30211
5637
5638
5639
5641
38413
5645
13844
5654
5656
5661
5663
38434
5666
5667
5671
5673
5675
5678
13874
5684
5686
5688
5691
22076
5693
30271
22081
5698
5702
5704
22089
38474
13899
5711
5715
5716
5718
5719
5721
38490
5722
5723
5725
5730
5731
5735
5737
5738
38508
5740
22125
5744
5750
30327
5754
22141
5758
5765
38534
5767
13960
5768
5775
5777
38546
5778
5779
5783
13977
5788
30365
5789
5791
5793
5796
5797
5802
30380
5804
30381
5806
5807
5814
14007
5815
5822
5824
5830
5833
5834
5835
5836
5838
5841
38610
5844
22229
5846
5847
22231
14041
5850
38620
5853
14048
38624
5857
38630
5864
5866
5871
38642
5874
38643
5876
30453
5878
38647
5879
30456
38650
14074
5883
5884
5885
5886
5888
22273
5889
14083
30467
5892
5893
22278
5894
38665
14090
5898
5902
22289
30482
14098
5906
14099
5914
14111
5919
30496
5920
5921
5925
38693
5927
5928
5930
5931
38703
5938
5939
5940
5941
5944
22336
14145
38721
5953
5954
22339
5958
5960
5962
5963
5964
5969
30549
14165
22359
5977
5979
22364
5982
5983
14179
5987
5989
5995
5996
5997
5998
5999
30577
6001
6002
6007
6011
6014
6018
14212
6020
6021
22406
6022
14215
30601
6025
6026
6029
22416
6032
22417
6039
6040
22425
6041
38811
6047
6048
22440
6060
6066
6067
14263
6071
6073
6075
6076
14269
6079
6081
30658
6082
6083
14276
6086
6088
6090
6091
6093
6096
22483
6101
6104
14297
14301
6109
6112
6114
6123
6126
22514
22515
6132
6133
6136
38906
6140
6141
38911
6147
38916
6150
22542
6158
6160
6161
6164
6165
22555
14363
38942
6174
22559
6177
6180
6184
14378
22572
6189
6191
30768
6192
30770
6195
22580
6196
30773
6197
38966
38972
30780
38973
6206
38975
30784
6210
6211
22596
6212
6218
6223
22609
6228
6229
30812
6236
6237
39007
6241
6242
6250
6253
39022
6255
6256
39025
14449
6257
6260
6263
30840
6264
14456
6267
39035
14460
30845
30848
6278
6279
22664
6280
30857
14475
6284
39053
22670
6286
30864
6291
6295
6296
6297
6298
22683
30875
6305
30882
6306
22693
6309
39078
14504
6312
6313
39082
14506
6316
6317
14512
6323
6326
6327
30904
6329
30906
14522
14525
6335
6337
6339
6340
22725
6343
30923
30924
6348
39121
6354
6358
14551
6359
6363
39132
14558
6367
6369
6370
6371
6375
6376
6378
6382
6396
6397
39168
30981
22794
6410
6411
39181
6413
6416
6417
6420
6421
30998
6422
39195
31004
39196
6429
14623
14624
6432
6437
31016
6443
6444
22830
6446
14642
14645
6453
14652
14653
6461
6462
6468
6469
6470
6472
6474
6478
6480
6481
22867
14676
6484
14677
6486
6488
6489
6491
6494
31071
6495
14688
6501
6505
6508
6509
6510
31087
6513
6516
6518
22904
6520
6521
22907
39296
6528
6530
31107
6531
31111
14729
39306
14731
6539
14733
6541
6545
6547
6551
39320
39321
6553
6560
6567
39336
6574
6576
6578
39348
39350
39352
6587
39356
6589
14787
6596
6598
6599
6600
6601
6602
6604
14796
6605
6608
6611
14806
6619
6620
39389
23006
14816
6624
6627
6630
23016
6633
23018
39403
6636
6637
31214
6638
23023
6639
6640
39410
6642
6643
6644
6647
14841
6651
6652
23039
6657
6660
23045
6661
6663
6664
6668
39437
39441
6677
6683
6687
6688
6694
6695
6699
6700
6702
39473
14897
6707
6712
23098
31291
6715
6717
39488
6721
6722
6724
39493
6727
14920
6733
6735
23121
14929
6745
6747
14940
6748
6750
14943
23135
6756
6762
6763
6765
6767
6769
6770
23157
6773
6779
6786
6789
6792
31369
6795
23184
6802
6809
15002
6810
6811
15006
6817
23201
15013
6826
31411
6835
6836
6838
39607
6840
6841
6844
6848
39625
6858
6863
23248
6865
39636
15062
6873
23261
39646
6879
6880
6881
6882
23270
15080
6888
6889
23273
31465
31466
23277
6894
6895
15090
6898
23285
6902
39671
6906
39675
6909
6911
31491
6915
6916
6917
15110
6919
6920
6923
6929
31506
6930
6932
39702
6936
6937
6938
15132
23325
6941
6942
6943
6946
6950
6953
23347
6963
6965
6966
23359
6975
6979
6986
6987
6988
23377
6995
31572
6998
7004
31581
7009
15214
7023
31601
7027
7028
7031
7033
23418
7034
15232
39808
7040
7046
31623
15244
7052
23437
7053
7054
15247
23440
7056
7057
7058
7059
23444
7063
7065
7067
31645
7069
31647
39840
7072
7074
7076
7078
23465
7082
7086
7090
31668
7093
7094
7099
7104
7111
15304
7113
7115
39887
23503
31697
7123
7126
7129
7134
7137
7138
15332
7140
15333
15336
23529
7145
39914
7146
7148
23533
39917
7149
7150
7154
7155
7157
7158
7163
7164
15360
7168
7171
31750
7174
39944
7176
15370
39947
23566
7182
7183
23568
39954
7186
31763
7189
31766
7190
7193
7196
15392
39973
39974
7211
7213
7216
7217
39987
7221
7223
7224
7225
15420
7232
7233
7234
7235
7236
7238
7239
7240
40010
7242
7243
7244
7245
7249
31826
7250
31832
7256
7262
7263
7265
7268
15461
7270
7271
31849
7273
7277
40054
7286
40055
7289
7292
7293
7294
15489
7298
7301
15495
7304
40074
23694
7317
15510
7326
40115
40117
23745
23746
15557
15559
31949
15566
7377
23761
23766
7382
7391
23782
15602
7411
7423
15616
23814
7434
40205
7442
15635
15640
7459
40232
32042
32047
7473
32061
7489
32065
23876
7500
23887
7506
40278
7516
32094
32096
7520
32098
15715
7528
32105
15724
23917
7533
15746
7559
23950
7571
7576
40346
40349
32158
32159
40352
7585
23970
23973
7591
15786
32172
7608
40378
24001
7621
7626
15820
32208
24024
40410
32218
40411
24031
24032
32229
40429
32239
40436
7671
7681
32261
40455
32265
7710
7711
15909
32294
15911
40499
24128
40515
24133
15953
7762
7763
24154
15964
32349
32356
40549
40559
7797
7802
7804
32381
15999
16000
40583
40588
16012
16013
24210
32407
40605
24228
32423
32438
7867
7871
7872
24264
32457
16079
40656
16083
32476
24285
32477
16114
7927
16120
32513
40716
32526
32527
16152
7960
7961
7963
7970
40739
24356
32548
24357
16168
40745
32562
24371
32567
32568
32570
16187
24380
40766
24385
8010
8011
24396
24403
32597
24410
24414
32614
32616
24428
32621
8053
40826
24446
16255
24448
40836
24458
16271
24466
24471
16289
40869
16294
24489
16302
40880
24497
24500
8119
24504
24507
24514
32709
16332
24534
32731
16372
8181
32760
40952
16377
8185
40955
40958
465
200
253
14
211
193
304
229
70
140
195
102
353
173
326
189
64
275
224
264
131
290
5
142
93
164
242
318
82
265
355
145
162
280
237
249
382
416
421
218
86
168
220
313
361
55
96
444
0
423
59
136
158
22
49
130
176
352
199
206
256
259
325
441
42
43
51
91
150
205
251
278
292
471
89
116
141
196
341
465
479
94
252
386
34
223
379
406
433
66
143
360
459
62
73
210
248
312
320
340
372
476
27
60
85
109
124
177
191
270
299
356
456
28
71
147
277
283
303
321
337
366
371
375
449
26
99
110
159
231
266
384
393
396
480
30
271
408
434
41
95
114
181
227
230
301
106
118
157
239
311
314
346
368
428
455
3
9
129
185
208
284
332
362
390
450
457
29
56
75
79
83
138
172
180
188
238
258
338
367
389
400
402
425
438
448
477
72
90
112
151
183
215
234
244
267
305
342
395
405
411
468
31
67
84
113
163
197
217
240
257
285
324
329
403
420
474
92
107
214
261
286
298
306
417
429
452
454
21
61
122
144
153
221
243
288
294
296
307
310
328
378
418
427
435
1
35
54
100
111
115
121
171
190
194
203
204
339
401
415
447
10
33
88
126
148
152
198
263
291
323
351
364
365
426
453
20
50
119
139
186
202
207
226
315
376
392
394
404
440
460
461
6
16
133
149
174
250
272
276
281
331
369
467
13
24
25
58
156
178
233
269
317
374
387
397
398
409
431
2
7
68
146
166
184
274
279
297
345
424
451
458
466
475
23
39
40
80
81
155
167
209
222
232
235
245
262
295
302
330
333
388
430
443
462
44
52
74
77
120
128
135
161
179
212
216
225
241
293
343
348
377
385
413
414
422
437
478
481
15
47
53
170
175
187
213
236
260
282
287
359
363
410
442
11
17
45
63
76
101
104
117
123
169
219
247
334
350
373
399
439
470
4
32
38
132
154
254
289
316
357
380
383
464
469
472
12
36
37
48
65
103
105
125
160
201
255
268
309
319
322
347
358
370
412
18
87
97
98
127
165
182
336
344
419
432
19
57
69
108
134
137
228
349
354
445
