4501
8192
1
8200
9
11
15
8208
17
8209
8212
25
8220
8221
8223
34
37
8229
8233
8234
45
8237
16433
49
8241
24626
55
8247
56
24635
61
8255
16448
65
8257
66
8260
8261
70
8264
8266
8270
79
8271
24658
82
8274
84
8276
85
8277
86
88
8280
89
8284
8286
97
98
99
8291
8292
16485
101
8293
8295
104
8296
106
8299
8301
8302
114
8310
118
8314
123
127
24705
130
8323
8325
134
136
137
8330
8332
141
142
146
148
8341
153
8345
154
155
8347
156
16542
158
160
161
8354
24739
8355
167
8360
8361
170
8362
8365
177
179
8372
181
182
185
24762
189
190
16576
193
8390
199
8391
201
8394
203
8396
16588
8397
8398
209
210
24787
213
8406
8407
8408
8409
8411
8413
223
16609
225
16611
8419
8423
232
236
8428
8429
8430
8433
8434
8438
247
8439
16632
8440
251
252
8445
8446
8447
8448
8449
258
259
260
261
263
8456
266
268
8467
8469
282
16667
285
8477
8478
8480
8481
8482
24867
8483
16677
293
8485
294
8490
298
8494
306
308
8501
8502
312
8505
8506
315
8507
316
317
319
321
16706
322
16707
324
325
329
8521
24906
8522
8523
335
8527
24912
336
338
8530
339
8531
343
8536
345
8537
348
8541
8542
350
8545
8548
359
362
364
8557
24946
372
8564
374
375
376
8571
8572
381
8573
384
8577
386
8581
8582
391
8583
8584
393
397
24974
398
8591
401
8594
403
8597
8598
408
8600
409
8602
16794
414
24991
416
8609
422
8614
423
428
430
8622
8624
433
435
8627
16820
436
8628
437
8630
439
440
8635
8638
450
451
8643
452
8644
8645
8648
8649
8652
25037
462
8654
466
467
468
469
471
8663
472
474
475
476
8669
8672
482
8674
483
484
8679
8680
489
8683
493
8685
25070
8687
496
8688
8689
8692
502
8695
504
8696
8697
506
507
509
510
514
25091
516
8709
520
8713
8714
523
8716
525
8717
526
8718
527
8719
8720
8721
16915
8723
532
533
8727
8731
541
8733
8734
25121
8737
546
16931
547
549
551
8744
8745
554
8747
556
558
25141
8757
8758
569
571
16956
574
25151
576
8771
582
583
584
8776
8778
8779
589
8782
8783
591
592
593
594
595
8788
597
8791
8792
602
606
609
611
25187
8803
8807
17000
616
17003
8812
621
8814
623
625
8817
8821
629
631
635
636
641
643
8835
644
8836
8838
17030
646
647
650
8842
653
655
656
658
8852
8855
664
8856
665
8857
8861
670
8863
8864
673
8865
674
675
17063
8872
8877
688
692
693
8885
8886
696
8889
700
708
8902
712
713
8906
8907
8908
8909
17102
721
722
8915
724
25301
8917
8919
8920
17113
729
8924
733
8927
8928
737
8929
25318
742
743
8935
17129
8938
8939
748
8941
8944
8945
8947
25332
8950
760
761
8954
763
8956
17149
771
8963
8968
776
8975
784
787
8979
788
8982
792
8985
8986
797
8989
803
8996
8997
807
9001
25390
9006
816
25393
9009
818
819
820
9012
823
9015
9016
9017
826
9019
25405
9021
9022
833
835
841
9035
845
9037
9040
9041
849
853
9045
9047
9051
862
9054
863
865
867
9059
9060
869
9061
870
9062
871
9063
9064
9065
874
876
9069
879
9071
880
9072
881
882
884
9077
17271
9079
9082
17275
898
900
9092
903
17291
908
9102
912
9105
915
916
9109
917
918
9110
9112
9113
921
923
9115
17308
924
9119
9121
934
935
9128
941
9133
17326
942
9134
943
9135
9137
950
9142
17337
9145
9149
9150
963
9157
966
9158
967
9161
9166
9167
9168
25554
978
980
982
9174
9175
9180
9181
990
9183
9185
9186
997
9189
998
9191
9192
17385
9194
17387
1008
9200
9201
1010
9205
9206
25595
1022
1025
1027
9219
9221
1030
1032
9227
1036
9229
1038
25614
9230
9233
1044
9236
1045
1047
1048
1052
9244
1053
9245
1054
9249
9252
1061
9253
1062
9255
1064
1065
9257
9260
9263
1072
1073
1078
1079
17464
9272
1082
17467
9275
1084
9276
1086
1088
1092
9287
9293
1104
9297
1106
9300
9301
1111
25688
1115
9308
1117
9309
1119
9311
17509
1125
9317
9318
9320
9321
1131
1134
9326
17519
1138
9332
17525
1141
9334
1143
9335
9337
1148
9340
1150
9343
9344
1155
1156
9348
9349
1160
1161
9354
17549
9357
25743
1167
1168
9361
17554
9364
9365
1173
9366
1175
9369
9370
1179
9373
17568
1184
1185
1188
9380
1189
9381
9382
1192
9385
9388
1197
9390
1200
9392
1204
9402
1210
1211
9405
1215
17603
1220
17606
9414
9415
1224
9421
1231
9423
1236
1239
9431
1240
1241
9434
1245
9442
1251
25828
1252
1254
1256
9450
17643
9452
25838
1263
9456
9457
1268
9461
1272
9466
1280
9473
1282
9474
1284
9477
9480
1289
9481
25866
9482
1292
9485
25870
17681
1297
9489
25874
9491
9492
1301
9493
9497
1308
1309
1311
9503
1312
1313
1317
9511
25897
9513
17706
1322
1323
1325
1326
9518
9519
1328
25906
1330
9523
9528
1337
1338
9530
9532
9533
1342
1343
9535
9536
1345
9541
1351
9543
1352
1353
1358
9552
1361
1364
9556
9561
9562
17755
1371
9565
9566
1376
1379
9572
9574
1383
17768
25960
9576
9577
9578
1388
9581
1395
1397
1399
1401
9593
9594
1404
9596
1405
1406
9598
9599
25984
1412
1413
9607
1417
1418
9610
1419
1420
1421
9615
1424
9616
9617
26002
9619
1428
9620
1429
1431
1437
9629
9630
9632
9633
1442
1443
9638
9639
1447
9640
1449
9643
1452
9644
9645
9647
1458
17846
1463
9656
9659
9660
1469
9661
1471
9663
9665
17859
9667
1476
9668
26053
1477
26055
9671
1480
1482
9674
9676
9677
1486
1488
9680
1489
9681
1490
9682
9683
1491
9689
1498
9690
1499
1501
9693
1502
9694
1503
9695
1504
9696
1505
9698
17893
1510
9706
1515
9708
1517
9709
26094
9710
1520
1521
9713
1522
9716
9717
26104
1529
17915
1531
9723
1534
1535
9727
9728
1538
9730
9732
17925
1542
9736
1545
1546
9738
1547
26125
1549
9741
1550
9744
9745
17941
9749
1558
9750
9752
1561
1562
9754
9757
1566
1572
1574
9766
9767
9768
1579
9771
1582
1583
9775
9776
9777
1586
1587
1588
1590
1591
1592
9785
17978
9786
1595
9788
1597
9789
1599
9794
1603
9796
1605
9797
1606
9798
1608
9800
1609
1610
9803
1611
1612
9804
1613
9805
1615
9808
9809
1618
1621
1622
9816
26201
9819
9824
1633
9826
1635
9827
1636
9831
1639
9832
9835
9836
1646
9839
9841
18035
26228
1654
1655
9847
9848
1656
1657
9849
9855
18048
1666
1667
9860
9865
1673
1674
26251
1678
9872
18065
26260
1685
9878
1689
9881
1690
9883
9886
1696
9889
1698
1699
26278
1706
9899
9901
18093
1709
1710
9904
9909
26294
1718
9911
1720
1723
1724
9918
1727
1728
1729
1730
26306
9923
9924
1733
9925
1735
9927
18121
9930
9932
9933
1743
9936
1745
9938
26328
1753
9945
9949
9950
9951
9952
1761
9953
9954
1763
26341
1765
9957
1766
1770
9963
1774
1777
1783
1784
9976
9977
26363
9982
18179
1795
1796
9988
9990
1799
9992
1801
9993
1802
1804
1805
9999
1808
10001
26386
10004
10005
10010
10014
10016
26402
1828
10020
1831
10023
1832
1833
10025
1834
10026
26411
1836
10032
1841
1843
10038
1847
1851
10043
10044
10045
1855
1856
10048
1857
26434
1860
10052
1863
1864
1865
10058
10065
1874
10067
10068
10069
1880
1881
1883
10075
1889
10082
1891
1892
10085
1893
1896
10089
10092
10094
18288
1904
10097
1907
1908
10101
1911
1914
1916
10109
1920
10113
1924
1930
10122
1931
10123
18316
10126
1935
10128
10130
10134
10135
1946
18331
10139
1947
1948
1949
1950
1951
1954
26531
10147
10148
1958
10150
18345
1966
10158
26543
1968
10160
10162
10164
18359
10167
1976
1977
10169
1978
1980
1981
10173
10174
10175
1988
1990
1991
1994
10186
1995
10190
10191
10192
10196
2006
10199
2009
10202
2011
10203
2012
10206
2016
2017
10209
2020
10212
2022
10214
10217
10218
2027
2028
10221
10222
10223
2034
10226
10230
10231
10234
2043
10235
2047
10239
10241
2050
10243
2054
18442
2058
2059
2062
2063
10256
10257
2066
10260
10261
26646
2070
2071
10263
10265
26650
10267
10268
10269
2078
2079
10271
10273
2083
2087
10280
10281
2091
10283
10284
2094
10288
2098
10291
10292
2102
2103
10302
10303
18496
2112
2113
2114
10310
10311
2124
18509
2126
10318
2127
10320
2129
10321
10322
10323
2132
2133
10326
10327
2139
10332
18525
10333
2143
10335
10336
2145
2146
10339
2148
18533
2149
18534
10342
10343
2152
2160
10353
10354
26740
18550
10358
10360
10363
10365
2176
26754
10370
2180
2181
10376
10378
2187
2188
2189
10382
10383
2194
2195
10388
18581
2197
10390
2199
10391
2200
2203
10395
10396
2206
2207
10402
10404
10405
18602
10410
10412
10413
2223
10415
2229
10421
2231
2232
10425
10428
10429
2239
18625
2242
10436
10437
10438
10439
2247
2249
10442
2251
26830
10447
2257
10450
10451
2260
2262
2265
2266
2268
10461
10462
10464
2277
2279
10472
10473
2282
10474
2285
2287
2289
2291
2292
10484
2294
10487
2295
18682
10490
10491
2301
10493
26879
10495
10497
2305
10498
2307
2308
10500
2310
2311
2312
10504
10505
10506
2315
2317
2319
26897
2321
2322
10518
2326
2328
10522
2331
2334
10526
2337
10529
2339
26921
2345
2346
2350
10545
10548
10551
10552
2361
10556
26943
10560
2371
10564
2373
10565
10566
2374
26951
10567
10568
2379
10572
10573
10574
10579
2388
2400
2402
26980
18789
10598
10602
10604
2415
10608
18803
10611
10614
18811
2428
2433
18820
10629
10630
2441
2442
10638
10639
10642
10643
2453
18839
2455
2456
2460
2462
10655
10656
10657
10658
2468
10664
10665
10666
2475
10668
2477
10669
2478
2479
10671
2481
10675
10677
10678
2488
10681
2491
10683
2493
10686
2495
18885
10693
2503
10695
2504
10697
27086
10702
10703
10714
27100
2524
2526
10718
10720
2533
2534
10728
10729
10730
18924
2540
10733
10737
2547
2548
10740
2549
10741
2552
10744
2553
10747
2557
2559
10751
2562
2564
10757
10758
10761
10763
2573
10765
2575
10768
2577
10769
2582
2585
2587
10781
10783
2592
10789
2600
2601
10795
2604
2607
10799
2608
2610
10802
10803
10805
10806
2615
10807
10808
2617
10811
10812
27197
2622
2623
27199
27200
10819
10821
2630
10822
2631
10825
10826
10827
2637
10830
10831
2642
2643
2644
2645
27225
2651
2652
10847
2657
10850
2658
27235
10851
19044
10853
10854
10855
2664
2665
10857
10858
10860
2671
27248
10865
2674
10868
10872
2690
19076
10886
2695
2696
10888
19083
2699
27277
2703
10896
2706
10898
10899
10902
19095
2711
2713
2714
2715
2716
10909
10910
2720
2722
2723
2726
2727
2730
2732
2733
2734
2735
10927
2736
2737
2738
10931
2741
10935
10936
2746
10939
2748
10941
10942
2751
10943
10945
2754
10948
10949
2761
19146
2763
10955
10956
2765
10962
10963
2772
2773
2775
19159
10967
19160
10969
10970
19164
2780
10972
2782
10974
2784
2785
10977
2787
2788
10981
10986
2799
10995
2804
10997
2807
10999
11000
2810
2812
11004
11005
19199
11007
2818
11011
27397
2822
19207
2825
2827
11019
27404
11021
11023
11025
19218
11028
11033
2845
2846
11038
11039
2847
2849
11041
2850
19235
2851
11044
11045
2853
2854
2858
11051
2860
2861
19246
2862
11054
11055
2864
11056
2867
2868
2869
2872
2874
2876
11071
19264
2881
11074
2883
11075
2885
2891
27471
11087
11088
2898
19283
11093
11094
2903
11095
11096
11097
2906
2907
11099
2908
11100
2910
2913
11106
27491
27492
11108
2917
2918
2921
2922
11114
2923
2924
2930
11122
2931
2933
2937
11131
2945
2947
11139
2949
2950
2951
2953
2955
2959
2961
2962
2963
2964
2971
2972
11164
2973
11165
2974
11166
2976
11169
11170
11171
11172
2981
2983
11175
19370
11178
2987
11179
2988
11180
2989
11181
11183
2992
11185
11187
11189
11191
11192
3001
11193
11195
11197
3006
3007
3008
3009
11201
11202
11203
3013
11208
19401
11213
11214
11215
3025
11217
11219
11221
11222
11224
3034
11226
11227
11228
11229
11230
3042
11234
11238
11239
11241
11242
3051
11243
11244
11245
3056
3057
11249
11250
3059
3060
19445
3063
11258
3068
11260
3071
11263
3072
11268
3077
3078
11271
3080
11272
27657
11276
11277
11280
3089
3093
11285
3095
11290
3103
11295
11298
3107
11301
11303
3114
11307
11310
3120
11316
19509
3125
3127
19512
3128
11321
11322
3132
11324
3133
3134
3135
3136
3138
11331
19525
11335
11336
27721
19529
3147
11340
3150
11342
3152
11345
3156
3157
3159
11354
11355
3165
3167
11361
11362
27747
11363
11364
11365
19558
3177
3178
3179
11371
27756
3180
3181
3183
11375
19569
11377
11380
11382
3191
11384
11385
3194
3195
11387
11389
3198
3200
11393
3202
11394
11398
19591
11399
3209
3210
11403
3212
11404
19597
11406
3217
11411
11412
11413
11414
3224
11416
11417
11419
3227
3232
11428
11429
11430
3239
3243
11436
3245
3248
11443
11446
3255
11449
3258
11454
3264
3266
3268
11461
19653
3269
11462
11463
19656
3273
11466
3277
3279
19664
11474
3283
11476
3286
11478
3287
11482
3291
11484
3293
19678
11486
3295
11488
3296
3299
19684
11494
11495
19688
11497
3308
3313
3314
11506
11507
3316
11509
3319
11512
3322
11515
11516
11517
3326
11518
3330
11522
11523
11524
3334
11526
11527
3336
3337
11529
27914
3340
3341
3345
3346
11539
3348
11540
3350
3354
11547
19741
3357
27934
19743
3360
11552
3361
11556
11557
3367
3368
11560
11566
27951
3375
11567
3380
11573
3382
3384
3386
11578
19771
3388
3389
11582
3391
3393
11585
11586
11587
11588
3398
11595
11596
3406
11599
11600
3409
11601
19794
3412
3414
3415
11607
19800
11608
3419
3420
11613
3423
3424
11616
3425
11617
11620
3433
19819
11630
3439
3442
3444
3445
3447
3448
11644
3457
3458
11651
3460
11653
3463
11655
3467
11659
11660
3469
11661
3470
11662
11664
3473
3478
11670
3480
11672
11680
19874
11682
3491
3496
3499
11692
11693
11695
3506
11698
11700
28086
11702
3512
11704
3513
11706
3516
3517
11710
11713
11714
11716
11719
3528
11721
11728
28113
3537
3538
11730
11731
11732
3542
19928
3545
11738
3551
28128
3554
11746
11747
3557
11749
19942
3560
11754
3563
11755
11756
11757
3567
3571
3573
11767
11770
3579
3581
11776
28162
3586
11779
3588
3590
11783
11784
28169
11789
11790
3599
11792
11794
11795
3604
3605
11798
3608
11800
11802
3613
3618
11810
3619
11814
3624
11816
11817
28202
3627
3628
3630
3631
3632
3633
11827
3637
11832
3640
11835
3643
3644
3645
20031
3648
3650
3654
28231
3655
11847
3656
3657
11849
3659
3662
28239
20049
3665
11858
3668
11860
3672
11865
3674
11869
3683
3685
3686
3689
11881
11887
3697
11889
3698
11890
3699
3700
11899
20094
11902
3711
3713
11905
3715
3716
3718
11911
11912
11913
11914
11920
3729
3735
3736
3737
3738
11933
3742
3743
3747
11940
3752
3754
11946
3755
3759
3760
11952
11953
11955
3765
3766
3768
3770
3771
11967
11969
20163
3780
11976
11977
20170
3787
3788
11980
11981
11982
11983
11986
3796
11988
11991
3804
3808
3809
12001
12002
12003
12004
3814
12007
3820
3821
12020
3829
20215
12025
12026
3835
12028
12029
20223
12032
20225
3842
3843
12035
12036
12037
3848
12041
12042
3851
3853
12045
12046
12047
12048
3857
12052
12054
12057
3867
12060
3869
3870
12062
3872
3873
12065
3874
3875
12067
3876
3877
12069
12073
3882
12074
3883
12076
12077
3887
12079
3888
3889
3890
12083
12089
3898
3899
3901
12093
12094
3904
3908
12104
3914
3915
3917
12110
3919
20304
3922
12114
3924
12116
3925
12118
12119
3928
12121
3938
3939
12131
12134
3946
3948
3950
12143
3953
12146
3959
3961
3962
12158
12165
12166
3975
3978
12170
3979
12172
12174
20367
12177
3991
12183
3995
3997
12190
4001
12198
4009
4010
12202
4011
12204
4015
12207
12208
4017
12209
20405
4027
20413
12223
12225
4034
4035
4036
12228
12232
4042
4045
12239
12243
4055
12248
12249
4059
12251
12252
4061
12255
4065
12257
12258
4068
4069
12263
12267
4077
4078
12270
4080
4081
12273
4082
4083
12275
4086
12280
4088
12284
4093
4095
4098
4101
12295
12298
4108
20493
20494
4111
12304
4115
12307
20500
12309
12311
4120
12315
12316
4128
12321
4131
12323
12324
12327
12328
12329
4138
12333
4142
12335
4144
12336
12337
4151
4153
4154
4157
12349
4159
12352
12353
4162
12355
4164
12360
4169
4170
4172
4176
4177
4178
12372
4182
4183
4184
12377
12384
4193
4194
12386
4195
12389
12391
12392
12394
4203
12395
4208
12405
12407
4216
12409
4218
12412
4221
12414
12417
12420
12424
4233
12426
4235
12427
20620
4237
4238
20623
12431
4241
12433
12434
4243
4244
12436
4245
4249
4252
4254
12446
12449
4259
4260
4261
20647
4263
12455
12456
4265
12457
4268
12460
4269
12463
4272
12466
4278
4279
4281
12474
4283
12478
12480
4290
12484
4292
12486
12487
4298
12494
12498
20694
4311
4312
4313
12507
4316
12511
4320
12512
4321
12513
4327
12520
4330
20715
4331
12524
4333
12525
12527
4341
4342
20728
12538
12539
20732
4348
4349
4353
12545
12546
4356
12548
4357
4358
12550
12551
12552
4362
12555
4364
12556
4365
20752
4368
12561
4371
4373
4374
12569
12573
12574
12575
4385
12577
4386
12578
4387
12580
4391
12584
4394
12586
12587
12588
4397
4401
4404
4405
4406
4408
4410
4413
4415
4417
12613
4422
4428
4429
12624
12628
4438
12630
4440
12635
12636
4445
4449
4450
12643
12644
12647
4456
4461
12653
12654
4462
4463
4465
12657
4466
12658
4470
20856
12667
4476
12670
12671
4482
12674
4483
12677
4486
12678
4487
12682
12687
12688
4497
12689
4498
4499
12695
4504
4505
4506
4510
12702
12703
4512
4514
12710
4518
20903
4519
12712
4521
12713
4522
12715
12716
4525
4526
4527
12721
4530
12725
4534
12728
12730
4539
4540
12732
12733
12736
12737
4547
4548
12741
4549
12742
12743
4552
12744
4553
4554
4555
12748
20941
12749
12750
12751
12753
4562
4570
4572
4574
12766
4576
4577
12769
4579
12771
12772
4581
12773
12774
4585
4587
12779
12788
12789
4600
12792
4603
12795
4604
12796
4606
12798
4608
12800
4609
4611
4612
12804
12806
4615
12808
12813
12814
4623
4624
12817
12818
21013
12821
4631
4632
4633
12827
12829
12830
12831
12832
4641
12834
4642
4643
12835
12836
4648
12840
12844
12847
12849
12850
12856
12859
12862
4671
12864
4673
4675
4677
12871
12872
12873
12875
12877
12878
4688
12882
4691
12883
4693
4694
4695
12888
12889
4698
4702
4703
4704
21089
12899
4710
12903
4712
12906
21099
4716
21102
12912
21105
4721
12916
12917
4727
12920
4735
4737
12929
4738
12930
4740
4742
4743
12937
12940
12943
12945
21138
4756
4758
4759
12951
12956
12957
4770
12963
4773
4775
12969
4778
21164
12973
12974
12980
12981
4795
12989
4798
12991
4799
4800
4802
12998
4807
13000
13001
13002
13004
13005
4814
13008
13013
4822
13014
4823
13017
4826
13018
4828
4829
13023
4836
13029
4839
13031
13036
13040
4849
4858
4859
4860
4861
21247
4863
13056
13059
13065
4874
4875
13068
4879
4882
4883
13077
13078
21272
13080
13082
13086
13089
4898
4899
4903
13096
4905
13097
21290
21291
4908
13100
13102
4911
13106
4916
13108
4917
4918
13113
13116
4926
13118
4930
4931
13124
13126
13128
4936
13129
4939
13131
13132
4940
4941
4942
21328
13136
4945
13139
4948
21333
21334
4951
13143
4953
4955
13147
13148
13149
4957
13150
13151
13152
13153
13155
4966
13160
13162
4971
4972
4974
13167
4978
13170
4981
13174
13178
4988
4989
13181
13183
4992
4995
13189
4998
13192
5001
5002
13200
5009
5010
13204
5013
5018
13214
13215
13216
5025
21411
5027
5029
13222
5031
5032
5033
13226
5035
5039
13232
13236
5045
5047
13239
5048
5049
13244
13246
13249
13250
5062
13255
13256
13257
5066
13258
5067
13259
5069
5070
13264
13265
5074
13267
5076
5078
13270
5080
5081
13274
5083
13275
5086
13278
5088
5091
13284
13285
5095
5098
13290
5101
13294
5103
5104
13297
5106
5107
13304
5113
21498
5116
13310
13312
5123
5124
13316
5125
13318
5127
5128
5130
5131
5132
13325
5134
21519
5135
13328
5138
5139
13331
5141
13333
5145
13343
13346
5158
13350
5160
13354
5163
13356
5166
13358
13359
13365
21558
13368
5180
5183
13375
5185
13377
5186
13386
13391
13394
5205
13399
5208
13404
5214
13408
5218
5219
5221
13414
21607
5223
5225
5226
5228
13421
13424
5233
13425
5235
5236
5237
13429
21622
5238
13432
13435
5244
13436
5245
13437
5246
5247
13439
5248
13441
5252
21638
5256
13448
5258
21643
13457
13459
21652
5270
13464
5273
13465
13466
13467
13468
13469
5279
13474
5286
21674
13483
5292
13485
5294
13489
21684
5300
5301
5303
5306
5307
21693
5312
5314
5319
5320
5322
5325
5326
21711
21715
5332
5333
5337
21725
5342
5356
5359
5367
5371
5372
5374
5375
5379
21769
5387
5390
5393
13593
13594
5402
5405
5406
5407
13604
5412
5414
5415
5416
5421
5423
13620
5434
5435
5439
5440
5443
5449
5454
5455
5456
13650
5460
5470
5473
5477
5478
5482
5484
5488
5490
5491
5493
5495
5498
5500
5501
5503
5505
5514
5516
5522
5524
13721
13732
21926
5543
5544
5550
5553
5555
5556
5558
5559
5567
5569
21955
5571
21967
5584
13777
5588
5590
5592
21980
13789
5599
5604
21990
5606
5608
5611
5612
5614
5615
5618
5621
5624
5625
5629
5633
5634
5637
22022
5639
5641
5651
22036
5652
5656
5657
22042
5658
5659
5666
5668
22053
5669
5671
5675
5680
5681
5683
5688
13883
5693
5694
13889
5699
22086
5702
5706
5707
22092
5710
5714
5715
22102
5723
5729
5731
5733
5737
5740
5744
13938
22132
5748
22140
5759
5762
5763
5765
5769
5771
5772
22157
5776
5778
5779
5781
5790
5792
5793
22178
5802
5810
14007
5815
5816
5820
5824
5827
5829
22214
5832
5833
5836
5842
22232
5850
5852
5853
22238
22239
5855
5857
5860
5862
5867
14060
5868
5881
5882
5884
5888
5889
5890
5893
22283
5902
5906
5918
5921
14118
22313
5929
22316
5935
5940
22331
5948
5950
5951
14144
5957
5959
14153
5961
5962
5963
5967
5971
5972
22359
5978
5981
5982
5989
5993
22378
5994
5997
6005
6006
6009
6015
6017
6020
6021
6027
6035
6039
6041
6043
6044
6046
6047
22433
6049
6052
6053
14248
22444
6068
6076
6085
6088
6089
6090
6094
6098
6100
22490
6109
22493
6111
6114
6119
6120
6121
6126
6128
6129
6130
6131
6137
6138
6147
14341
6150
6155
6162
22548
6171
14365
6178
6181
6182
22568
6185
6186
6189
6190
6193
6198
6199
6200
6202
6209
6214
6216
6221
6224
6234
6235
6237
6248
6255
6256
6263
14457
6265
6270
6276
6278
6282
6289
6295
6297
6298
6302
6305
6306
6307
6309
6312
6313
6314
6324
6327
14520
6332
14528
6336
6337
6338
6339
6340
6342
6343
6344
6347
6350
22735
14545
22738
6357
22744
6360
6361
6368
6373
14569
6377
6379
6382
6383
6386
22772
6389
6390
6394
6396
6397
6404
6405
14599
6408
6409
6410
6416
6418
6421
6424
6428
22814
6431
6433
6437
6444
6446
6449
6452
6454
6456
6459
6460
6463
6465
6473
14666
14667
6478
6485
6486
6487
6488
22876
6497
6504
6505
22890
6506
6507
6511
6516
6518
6522
6523
6526
6528
6531
6534
6536
6537
6540
6545
14738
6546
6547
6548
6549
6555
6559
6561
6568
6570
6571
6573
6574
6581
6583
6584
6590
6592
22980
14790
6604
6606
6608
14802
6614
6621
6623
23016
6634
6639
6641
6644
6647
6652
6653
6659
6660
6662
6663
6668
6669
6670
6672
23057
6687
6696
6699
6700
6701
6703
6708
6709
6710
23099
6720
6721
6723
6726
6727
6728
23113
6730
6735
6736
23125
6743
14938
6746
6747
6751
6758
6767
14961
6769
6774
14972
6781
6782
6783
6785
6787
23173
14983
6791
6792
23177
6796
6797
6802
6805
6806
6826
23211
6828
6832
6835
6840
6841
6845
6847
23232
6849
6853
6858
23244
6861
6863
23248
6865
15058
6869
6873
6874
6875
23260
6882
6883
6885
6887
6888
6889
6891
6892
6895
6900
6903
15096
6905
6912
6916
6918
6924
6926
6927
6929
6930
6933
6934
6937
23322
6938
6939
6940
6944
6945
6946
6951
6952
15146
6956
15149
6958
6959
6962
6965
23352
15160
23356
6973
6974
6975
23364
6980
6981
23377
23379
15187
6995
15188
6996
6998
7003
7007
7010
7011
7012
7017
7019
7025
7026
7027
7029
7030
7032
7036
7038
7041
7045
7046
7047
7048
7050
7051
7055
7060
7061
7066
7068
15263
23457
15265
7073
23459
7075
7078
7085
7086
7087
7094
7095
7100
23487
7105
7107
7108
7109
7116
7117
7122
15315
7123
7124
7126
15318
7129
23519
7136
7139
7144
7146
7148
7150
7155
7158
7159
7162
7166
7168
23556
7173
7179
15374
7182
7184
7191
7192
7197
7202
7205
7206
7207
7208
7209
23595
7212
7213
7215
7221
7222
7224
15421
23615
7236
7237
7242
23629
7246
15441
7257
7259
7261
7262
7264
7266
7268
7270
7272
7278
7279
15472
7281
7289
7291
7292
7298
15492
23688
7304
7312
7313
7316
7318
23703
7319
7331
7340
7353
7354
7355
7360
7364
7367
7368
7370
7372
7373
7376
7379
7380
7383
7389
7396
7399
7400
7401
7402
15598
7410
7411
7417
7431
7436
15629
15632
7442
7444
7446
7452
7455
7458
7460
15654
7464
23851
7467
7468
7470
7471
7476
7477
7479
7480
7484
7485
7494
7495
7496
7497
7498
7500
7505
7506
7519
7528
7531
7535
7538
7540
23925
7542
7543
7545
7546
23932
7549
7551
7555
7557
7558
7560
7563
23948
7564
7566
7567
7568
7576
7581
7582
15775
7584
7587
7588
7592
7598
23985
7602
15796
7605
7608
7610
7611
7616
7621
15814
7629
7631
15825
15829
7637
24023
7645
7647
24032
7649
7650
7654
15847
7655
7659
24045
7661
7665
7667
7671
7672
7673
15871
7679
7681
7684
7686
7703
24090
7708
7709
7712
7713
7716
7720
7721
7724
7727
24113
7729
15926
7737
7741
7743
7745
7749
7755
7758
7759
24145
7762
7763
7764
7766
7770
7772
7773
7774
15973
7783
7784
15980
7795
7802
7812
7819
7820
7823
7826
7834
7835
7838
7840
16036
7847
7849
7851
7852
24237
7859
7862
7863
7866
7868
7872
7873
7875
24260
7876
7877
7878
24265
7881
7885
7887
7889
7895
7903
24298
7921
7922
7924
7926
7927
7928
7930
7932
7937
7938
7940
7946
7949
16150
7959
7961
7962
7964
7967
7974
24365
7984
7986
7989
7990
24374
7998
16192
24386
8005
8006
16199
16201
8010
24396
8014
8019
8021
16216
8028
8032
8033
24419
8037
8038
8039
8041
8046
8056
8057
8061
8077
16271
8080
8081
8082
8089
8090
8092
8099
8100
8105
24490
8108
8111
8116
8117
8119
8121
8123
8128
8129
8130
16325
8141
8143
8144
8145
8147
8149
24534
8153
8155
8158
8159
8160
8164
8170
8176
8183
8186
8187
8188
8189
459
383
0
253
84
119
140
145
215
54
210
197
264
99
355
387
114
403
418
90
443
198
248
457
130
237
469
14
274
67
112
120
223
319
229
305
478
193
175
252
359
481
23
222
226
390
427
439
60
88
156
166
206
291
315
324
395
421
458
10
128
194
205
208
372
373
413
428
52
96
167
236
302
366
429
450
71
152
163
177
239
281
285
374
379
402
472
5
126
180
230
284
298
321
328
346
451
453
9
29
79
150
278
283
313
401
445
30
49
95
129
139
170
173
178
183
185
196
225
243
292
318
362
396
400
415
25
26
34
35
100
172
179
195
231
259
306
378
397
425
470
471
31
43
94
110
186
218
227
258
280
297
303
330
332
406
436
448
13
89
143
155
188
202
203
212
232
272
277
312
317
426
464
482
1
15
41
63
66
86
115
141
142
151
153
171
182
217
221
251
257
270
311
334
337
342
358
368
422
431
432
441
462
6
12
58
59
82
85
109
122
138
148
168
199
204
224
238
245
250
261
289
294
307
331
333
351
352
375
414
417
444
454
466
16
27
38
56
61
104
131
135
162
249
271
279
304
310
345
385
388
407
412
442
465
2
20
21
28
51
69
72
81
91
92
93
121
125
133
149
158
164
184
242
256
276
288
293
316
323
361
369
370
394
435
37
50
80
87
102
106
113
118
147
190
191
211
240
263
266
290
314
326
329
344
357
360
371
376
404
437
449
456
476
8
62
70
73
116
123
144
216
244
286
296
299
325
336
353
365
367
380
389
408
423
424
430
440
452
11
22
36
42
46
75
105
111
157
207
265
267
269
339
347
348
386
393
416
438
463
468
477
18
40
74
77
117
146
159
161
176
181
189
200
234
275
301
340
399
479
3
24
44
47
53
57
64
65
76
213
247
254
287
320
350
363
384
391
455
39
55
68
83
97
98
101
124
134
136
169
174
228
338
343
349
377
446
459
461
475
480
17
132
201
209
233
235
341
398
467
103
107
154
187
220
255
260
262
282
295
309
405
460
473
4
7
32
33
45
78
127
160
165
356
392
409
410
433
447
474
