149
256
3
5
261
264
265
11
267
270
273
18
274
19
276
277
278
23
279
280
281
27
283
284
29
285
30
286
31
287
288
33
34
36
292
295
296
298
299
44
46
303
50
51
307
308
309
54
55
58
314
60
317
62
64
66
68
70
72
73
74
75
76
78
80
83
88
90
92
95
96
99
100
102
104
108
109
110
112
113
115
117
118
119
120
121
125
129
131
132
134
139
143
148
151
153
155
156
157
158
159
160
163
164
165
169
171
176
180
181
182
186
187
188
194
195
196
200
202
204
206
207
211
212
217
219
220
222
223
225
226
229
231
232
234
236
237
239
241
242
243
244
246
247
248
249
251
252
254
255
59
20
27
53
69
2
11
45
42
1
7
48
67
14
28
41
47
54
76
84
85
87
4
9
10
13
16
18
22
31
36
38
51
58
60
61
72
77
78
0
3
5
8
19
29
32
35
49
50
56
59
63
64
65
68
73
75
80
82
86
