802
0
6144
4
6
9
2059
11
13
14
17
4114
12306
4117
10261
2070
8216
6170
10270
10271
31
33
34
35
37
6182
10278
38
39
4137
8237
45
4142
46
10288
4144
8240
4145
52
54
55
10299
10300
61
63
64
66
68
6217
74
76
77
79
82
83
84
6229
85
86
87
4184
91
92
4189
8287
96
97
101
10342
102
2152
104
105
107
10348
108
109
112
116
118
2168
8316
124
125
126
127
4223
128
6274
131
132
8326
134
135
137
2186
6283
142
148
8341
150
10390
4247
154
6300
157
161
162
163
4259
10404
164
2214
166
8359
167
169
6314
171
8365
174
178
182
183
2239
191
2241
8387
196
197
198
199
201
4299
203
204
205
208
209
210
8405
214
216
218
219
222
231
2281
234
236
245
246
8441
4345
249
250
2299
251
252
10494
256
2305
257
8450
258
8453
10502
262
264
6409
4362
266
267
4364
10508
268
274
2323
276
8469
6421
277
280
281
283
284
10525
285
6432
10528
288
292
6440
6441
297
298
300
4397
8493
301
305
306
6451
310
6457
315
319
2368
321
322
323
6469
326
327
330
331
332
334
336
6481
340
341
342
345
8538
346
8540
348
10591
10592
355
6500
356
8550
358
361
362
363
364
366
10607
371
373
374
376
2426
379
8572
382
383
384
6530
387
2437
391
6537
395
396
397
4494
398
399
8595
403
407
408
410
8603
10653
413
10655
417
418
8611
419
10663
423
8616
6569
427
428
429
2478
430
4527
433
6581
6582
6583
440
445
446
6592
2496
10691
6596
453
455
4552
456
6601
457
458
461
2511
463
468
471
474
475
477
2527
482
484
485
486
6634
490
491
492
493
494
496
497
8690
499
8692
501
502
504
508
509
2560
4609
2563
515
516
6661
517
518
8711
521
4619
8719
531
532
2580
2582
10779
8732
540
10782
542
4645
8744
553
8748
6703
2609
10805
4669
6717
10825
586
4682
2638
594
4691
4702
608
2657
613
2661
6757
10854
621
6766
10865
6775
8827
4734
2687
10879
10882
2695
6791
2705
6801
6803
2708
2713
10910
2720
4769
6817
2724
8890
4796
10941
4800
6848
707
6853
10953
8910
718
6867
723
8920
6873
732
4828
2781
6879
8929
10978
6890
6891
8947
8949
11004
2812
11005
2817
4866
4870
6922
11023
4884
791
2847
6950
4910
4911
6961
2869
4917
9013
2871
9015
11066
6974
11072
833
836
2886
2892
6989
7003
4962
11108
2917
871
7019
7029
4983
889
7038
7049
7050
2960
913
9109
918
2967
921
2971
924
928
7075
7078
942
5041
11186
11188
7094
9142
3001
3002
957
3009
11203
9157
11205
11208
7112
11211
971
11214
976
3025
11218
5089
11240
3055
3060
5112
5113
5126
5133
11278
1039
7189
11287
7193
1051
9243
7195
7201
7215
5175
1086
11327
11329
9281
11335
9288
7242
7243
7245
11344
5205
9301
9305
3170
1122
9317
5228
11373
5230
5232
9331
1140
5241
11388
5245
1151
11391
3206
9354
7312
11410
9364
9370
5277
1187
11435
9392
3255
7353
3258
3265
7364
11460
9412
9416
9420
3280
1236
7380
9429
3285
11478
1240
3288
11484
1249
3301
7399
5352
7402
11498
3307
11501
11507
5364
5366
3325
5379
7436
5392
1302
5401
7455
7462
3368
1322
3372
11567
1329
1332
11584
5443
11591
9547
7500
5453
7506
7508
7510
5463
3416
11609
3417
3424
3426
1386
11627
3438
9587
11638
5497
1401
11644
7550
11647
9603
1412
11653
9608
1421
11663
7570
1430
11672
5530
5534
5540
5542
9646
9647
9648
5555
1460
7617
9667
1477
3526
9671
1485
9681
11731
1493
3541
3545
1497
9692
5598
7650
9699
11747
11749
1511
11751
3560
5609
3564
9713
7665
9715
1525
5626
1531
5629
9728
11781
7690
1550
5654
3608
7707
7710
9759
11810
3619
3622
3626
9788
1598
3648
1604
9802
11850
3661
5711
11859
9814
9824
7792
7796
1653
7806
1662
11912
1673
1678
11920
11928
3738
11932
3743
1696
5796
7845
9893
11943
7848
1706
7850
1708
1713
7864
7866
9917
11966
11968
5826
1732
1735
3795
7893
3798
11993
1758
5855
12000
7908
7909
1766
12008
5868
3824
3825
7931
12028
5887
7935
5897
12043
5902
1809
7955
5915
3868
3871
1830
10029
1839
12082
7989
12087
5944
10044
3902
5952
8008
3915
12108
5979
8027
5983
10083
5988
10087
8056
12154
1914
10107
1915
6016
6020
3981
10134
1943
3993
6042
6053
6056
8104
6060
8112
12210
1974
10171
12220
4032
4033
12225
8131
1988
1995
8139
10191
12244
10199
10201
8156
2014
8160
8161
4070
6121
4084
305
23
393
164
276
325
349
254
32
75
76
374
57
368
106
143
284
0
53
320
83
44
124
335
205
315
343
169
243
257
61
102
195
275
289
358
361
274
12
26
79
188
85
159
175
210
291
331
1
60
99
165
231
246
251
281
297
377
391
37
65
96
120
148
220
221
332
376
29
82
112
140
145
314
356
373
379
383
390
66
84
132
167
197
233
242
321
322
344
366
370
375
94
107
155
185
190
223
328
372
14
21
77
104
144
147
182
196
200
211
234
253
299
311
362
5
7
10
58
92
100
101
126
135
183
184
193
213
241
255
263
285
305
306
350
392
18
19
20
38
59
64
109
119
130
168
171
173
191
214
229
235
247
265
266
269
316
334
346
367
380
48
62
73
88
115
122
125
172
174
177
192
207
212
219
238
252
259
260
303
336
338
386
3
27
34
46
52
63
72
80
87
89
105
111
113
123
137
141
149
153
170
189
194
206
209
216
228
239
240
268
278
292
307
324
326
327
329
330
359
378
4
6
11
24
28
40
47
54
56
69
78
93
103
108
121
127
129
163
187
208
215
218
230
236
258
264
270
277
280
282
286
308
310
312
313
337
339
347
351
352
353
354
357
365
369
385
2
8
13
16
22
30
31
33
35
45
71
86
110
133
139
150
154
160
161
162
178
181
201
224
232
245
272
283
288
298
300
304
333
355
360
363
381
387
394
