535
5123
1030
9223
3083
6161
17
2070
10262
10265
3101
8221
5150
9246
2078
7200
9248
32
8225
9251
36
2086
10282
2091
10286
5166
8243
4150
5175
3128
6204
6206
4159
3140
5189
3143
2121
1101
11342
10319
7250
3154
5206
4184
88
3167
4191
10336
96
6241
4194
2148
11364
1127
2153
10347
4203
2156
109
3184
8304
113
9333
3191
4219
1148
4221
8326
10378
11403
3213
9357
2190
143
10388
9365
149
3223
2200
1177
9373
2205
3229
157
1190
6313
7340
2224
9395
3253
9397
8375
9401
11449
1209
8379
191
11462
2246
11463
10439
7367
6344
9421
4306
10452
5332
2261
4309
1238
8406
2265
1242
9434
218
4314
6364
5343
5348
11492
2278
5353
6378
235
236
11503
4336
4337
242
9458
244
10484
6389
10493
4349
6400
5380
11524
264
2313
2319
1296
5393
7442
8467
2324
1301
3350
5402
8476
8477
10526
1313
9506
291
7460
5413
1317
1318
7463
300
2349
9520
8497
6450
7474
7476
2357
9525
10551
7481
5433
2362
10555
2363
3388
10557
2367
3392
6467
8515
9541
1353
329
7498
3411
10579
9557
9560
7512
4444
349
9571
10599
8556
7533
366
6510
8559
8560
5490
9591
8567
1402
7549
4479
7553
4482
3459
7556
2438
4486
3463
4487
1418
6540
7570
10648
4506
2459
8603
3484
8608
5537
417
4518
10662
2476
2482
10676
3512
1465
6592
1473
453
7628
1484
1485
7629
461
463
1490
9683
2519
5595
476
8668
478
10721
6626
2533
3557
2534
2537
10731
8684
8687
496
6643
9715
1526
511
4607
517
7685
8711
4615
6668
4620
4621
2574
10766
1550
2579
1557
5653
1559
1560
6684
3613
544
4644
2596
2601
7723
10796
2606
1582
5681
7729
8754
1587
5684
10804
8756
4663
5687
6714
571
10812
5696
9792
5697
2626
7747
2627
584
8777
1613
6733
1616
6743
1623
6745
1633
2657
1636
1637
3685
6759
2664
10856
2668
10863
1648
2673
1650
9844
6773
9849
7805
5758
10883
2691
5763
6787
2693
4742
4744
9866
5771
9869
5779
10902
2711
3735
670
4766
3743
6815
10911
673
1698
8868
2727
4777
2734
7855
7856
8881
5814
8889
6841
5819
2751
704
1733
6855
4808
714
716
4815
6865
9937
10964
2773
10965
2775
4823
9943
10967
3800
5852
2781
3805
7904
6880
738
3811
1764
2789
1765
5862
2790
5864
5868
1773
9965
6894
2798
751
9969
3825
9975
11000
6904
6906
1788
8961
6916
11016
11017
5901
11025
8977
1809
4884
2838
4887
794
6945
5922
802
6947
5925
10021
8998
806
11047
6954
2858
1835
7979
812
10031
1839
4911
4912
7984
2868
1847
824
1851
7998
11072
1856
2882
6980
10056
8009
3916
8014
11086
10063
3920
4944
3922
10066
1877
7000
1880
11099
5980
7008
10083
5988
5989
2917
5990
9063
11118
8057
10106
6011
893
2942
894
10116
6020
9093
10119
4999
8076
5007
8086
9111
3995
1948
7069
10142
9121
9122
11170
2984
9129
938
7089
8114
6067
10165
7097
3001
11195
10174
1983
6080
961
7106
9156
6085
8135
10186
1996
7120
6097
3025
8147
3030
7126
4054
7128
6104
9179
5086
993
995
8164
3054
4080
11253
4085
10231
2041
8187
11259
1022
283
76
262
234
230
335
149
288
316
322
198
297
56
345
315
89
151
240
300
160
218
223
123
142
244
277
359
95
178
192
219
293
0
30
33
258
343
10
61
69
201
242
66
88
247
312
334
348
363
7
130
134
143
243
289
26
70
80
81
97
100
179
199
265
331
355
384
196
261
283
291
311
323
391
36
60
118
156
164
229
257
269
274
351
382
29
31
59
94
128
165
169
172
177
200
251
28
46
82
93
146
166
224
264
344
2
3
5
45
53
117
122
129
136
137
278
298
357
360
367
385
8
20
27
52
71
111
157
158
168
188
213
245
276
284
303
308
310
352
378
1
12
22
23
37
44
103
112
115
163
174
222
282
285
314
321
330
332
339
392
394
47
77
96
102
109
153
175
203
215
216
231
235
236
238
326
336
342
347
354
374
381
6
13
19
25
34
38
39
54
90
124
127
135
173
186
197
232
268
299
305
313
338
353
356
358
368
375
379
390
18
21
32
40
48
63
64
73
83
84
114
121
126
132
147
148
171
176
187
189
193
206
212
225
239
252
254
267
292
304
306
307
329
333
362
377
380
386
387
4
14
35
58
65
72
87
105
108
116
125
131
141
152
170
190
207
208
220
233
260
266
281
287
301
309
320
328
346
349
370
373
376
383
393
