1550
12288
16387
8
32777
32781
12303
16401
8210
32789
20506
24602
28699
32797
8223
16415
32
36899
4135
39
16425
24617
12330
16433
50
53
12342
8247
28727
58
66
36933
8263
16456
8265
32843
12368
4179
4181
12379
36960
98
36963
36968
24681
4201
4203
4204
28782
24689
4209
24692
4218
4225
20611
131
12421
32905
12425
20618
16524
142
28824
4255
24738
28836
32932
20651
24750
28849
20663
28855
32953
24766
28864
194
12483
20678
28872
24777
20683
24780
8403
32979
12500
12504
28888
217
20699
24798
4319
4321
8419
4325
16613
12523
8430
16624
240
8433
4337
20721
33011
16632
4345
24827
252
16637
28926
4350
33022
24831
4356
16645
20745
33035
33036
268
4365
24855
28952
16668
4387
37159
28978
33079
24889
33083
4414
28990
16703
16706
8515
20803
8520
328
29002
8522
331
8526
24912
33104
8528
37201
16722
33106
339
4442
8539
12635
350
20833
33124
8548
29029
37221
12648
29033
29035
8560
33136
12657
4465
12659
374
24952
16761
24953
20858
8572
20863
29060
4485
8583
37256
29069
33167
37264
12689
4498
405
4502
33178
20892
12700
33180
12701
12706
29093
29094
426
37291
29099
37295
33199
16817
4531
25015
37315
4549
4553
37321
33227
20939
460
8656
16850
20946
29143
4570
20956
4575
12770
8677
37350
20971
20972
4588
16878
37359
29169
29171
500
25076
29173
4598
25082
4605
12801
33286
12807
21001
16908
8722
16914
12821
4630
539
37410
25122
4644
25128
16937
21037
33327
4656
25145
570
12859
12860
21055
25156
33348
25162
586
12876
21077
25174
4706
610
8802
37479
616
8810
37483
25197
21102
8817
625
12914
21106
37495
4730
637
37504
17030
29319
12935
37519
21136
25240
8857
674
33444
8869
21161
33457
8882
8883
37556
17078
21174
21177
37564
8896
4800
21184
33472
29381
21196
29388
13009
4826
21214
25315
4836
8934
746
37611
25324
8941
8947
21235
758
17143
13047
8952
8954
13052
37631
8960
33543
37641
4874
37647
8976
33559
13083
21275
17182
8995
29476
13093
17189
13096
13097
4906
33580
13102
4910
9007
29489
37683
25403
25406
835
843
37707
21324
33612
13138
21335
9051
13148
861
17246
17247
13152
4960
25444
29542
33644
9069
37744
4978
9078
4986
21375
29570
29575
903
29582
37781
17303
29591
921
21404
17310
13214
9120
17317
37797
936
37800
21420
37809
13234
25524
25527
17336
21433
25532
17340
9149
21439
25536
37827
25541
25549
37838
21454
5072
979
13270
17368
985
17372
9180
17373
991
21478
1001
1003
17392
25584
29680
37872
29683
9205
13302
13305
1022
25599
1023
1025
37891
37892
37893
17418
21514
13323
21520
33810
37908
25620
29717
25623
5143
13341
29725
5150
13345
1060
9267
29752
29757
5183
33857
25665
13378
17475
25669
37960
9289
37962
21578
5197
13389
9296
1106
21587
25683
25684
1110
9302
29784
21592
25695
25699
29796
29803
5229
29808
1137
33908
33912
13436
9340
17532
1150
21633
25730
38020
38021
29831
5256
25737
33936
25749
13462
1179
5275
1180
25763
5285
38053
13479
38061
21689
21690
38076
13501
9407
38090
1231
38096
17617
1236
29910
5335
21726
9439
25827
13539
13541
1257
38123
34027
17645
34035
13556
5371
29947
38141
9477
21768
13578
17677
29967
21776
25875
38163
1300
9493
38165
9494
1307
34084
38183
21801
21806
34095
25908
38196
5434
5442
38212
17734
9543
21832
21834
25932
34124
30031
13650
5459
5460
21845
25944
1368
5465
9562
17756
25948
9564
9570
17769
13677
21870
30063
25972
17785
25984
9602
17795
13707
9614
1428
1429
17815
1433
5529
13727
30111
26016
34213
34218
34219
26028
17836
21934
34223
21944
30138
30139
21948
21949
26051
5572
34250
1486
9679
1488
9680
9682
13784
26076
5599
34278
5608
13802
34284
34291
34294
1526
5622
26103
22008
13816
30206
5631
22016
22017
1539
26123
30225
1554
22036
13852
13853
5662
5663
17954
13861
34345
22061
9775
5681
5683
30260
26167
26173
34366
34367
17985
1604
22087
5707
34381
13902
18000
18003
34391
9816
1627
1628
13919
34400
1634
18019
9832
26217
13931
1646
34415
26229
13942
34436
13959
5769
13966
1681
30354
5778
34452
18068
26260
13976
13977
9887
1699
26278
5799
30380
18099
5811
14004
18106
30403
9924
30404
9927
5831
30408
18123
5837
1744
34513
30427
14044
1756
9952
18150
1767
22249
26353
26354
26355
5877
1786
22269
14077
1792
1793
22276
1802
5899
34572
22289
34579
5907
26388
1816
14105
5914
1820
34589
34595
5925
26406
14118
22313
30508
5933
18229
26428
5949
1856
30531
26447
5968
14162
10069
34645
5976
14170
5982
14178
14181
18278
30567
30574
30575
34672
34673
1905
30580
10102
18297
26492
1920
10115
30596
14219
34703
30611
26524
1950
34719
22433
14243
22435
30631
30632
30634
26540
14253
6062
22446
30641
26547
30651
34750
22467
10181
30662
14282
34762
14285
10198
14296
26585
6109
18397
26590
2014
18399
22496
30690
26602
6123
26604
10222
30712
10233
34810
14333
18431
10241
10242
34818
10243
10247
26633
18442
14347
14352
18449
18450
14357
10261
2070
30744
14365
22557
2082
30755
22566
34856
2089
22570
6187
26668
30770
34867
22586
6204
26692
14405
34887
14411
34893
26706
2131
18519
10328
10330
26718
14432
30819
34921
6251
14448
2164
22649
30842
18557
22654
22656
22660
34949
26758
22663
22664
26764
30861
2190
26775
18587
30875
2209
34980
10404
26789
34981
18598
22702
18612
22714
35003
30907
2237
14528
26819
14533
2250
10457
22745
14553
26843
10462
35043
6373
30949
10472
14568
6377
26857
10476
14573
35058
30963
18676
18681
30974
26887
22793
14604
22796
14605
10510
14606
14607
22802
30994
6419
18709
35096
31003
18716
14626
35106
10535
26922
22830
6446
35129
22850
10563
2378
18766
10576
22867
18774
14678
6487
6488
35161
14682
18780
22876
14689
10595
26979
18790
10600
2408
26989
2414
22896
22901
18806
6519
14714
35196
31107
27011
10627
31108
27013
35210
35215
31126
2456
14746
6555
22941
27038
14755
14756
14758
6570
27053
2480
27057
27059
6579
22965
31160
35256
27066
10690
14786
6595
2505
6601
27082
14796
31180
18896
22992
10705
22998
35288
27103
23008
35297
18914
27112
27114
10731
10740
31223
23032
27132
23037
14848
18945
6667
35342
23055
10768
18969
23065
27163
31259
18972
31260
14879
27168
27177
27182
23087
35392
10818
6724
19020
35405
31309
10830
6736
35410
31315
27221
31319
2649
27225
31324
10844
23134
27234
14958
19056
27248
31346
14962
19061
23158
2679
27255
10874
23164
6783
6785
6788
2693
10886
23176
31377
23187
31381
27286
2712
6810
35484
23198
35488
35489
35492
10921
10926
2737
27319
23223
15033
35514
15036
6848
15045
10951
6855
35533
10960
31441
2777
19163
2787
27365
35558
31468
23281
23285
31483
27393
31490
27403
27416
27417
19226
6942
6943
31520
27425
6946
35619
6949
2854
2870
19257
31554
6979
27461
19269
11082
19275
2895
15190
11098
2910
19295
35681
7009
19305
7019
15213
27501
35694
31598
15218
27508
35701
27509
11126
35702
11127
11128
31609
23419
31617
2946
27524
31621
35718
2950
35724
27537
2963
15251
19354
27548
31646
7072
35744
11169
27559
11185
35764
23477
7099
11196
35773
23494
7112
27599
3025
7122
31702
31703
7129
35805
19423
7135
23520
35815
15337
31727
3059
15349
3062
23543
31736
23545
7168
35841
7170
19460
15366
11272
27658
15386
31770
35868
23582
11295
23586
35875
15399
19498
23594
19503
35893
11320
15416
7225
3131
19523
35910
7248
11344
19545
31833
27737
19546
11361
7269
35945
23657
3178
23658
35946
19562
31852
7276
23664
27761
23672
7288
3196
11388
7292
23679
3203
11397
11398
3206
3212
15500
27789
35984
19600
23701
19607
3223
7324
23711
11426
31912
7338
3244
23731
11448
15544
19642
11454
11456
19649
31939
36036
19653
15560
23756
31948
11468
15569
19668
31957
31960
7385
11484
3295
23778
11491
27877
23783
31980
7409
31987
15606
27894
15607
31991
7422
23809
7427
32007
23820
11532
19725
15629
7439
36117
3356
36126
32030
19743
23844
7463
36136
15658
36138
36139
7467
7469
11565
23856
27954
7477
3381
11573
3395
19780
7493
23879
11594
23885
32080
23893
3417
15708
7527
32104
11624
15723
23915
28013
19828
19832
23930
32134
23943
23945
11660
23951
15760
7570
7571
3477
36251
11679
19878
32168
19880
28073
36265
11690
15788
23980
15789
36271
3503
36272
19891
28084
3508
32181
23991
23992
36282
36291
15813
7622
32198
24009
11722
7627
7632
28112
3536
11732
15836
32221
24030
15840
19939
15846
11754
3563
3566
11762
24051
3577
3580
19970
15878
32263
11784
24074
11787
15884
24076
15886
11793
24086
24097
20002
15911
28209
32306
11827
20022
3638
20027
11839
7744
32323
28231
36426
24141
7757
36430
3663
7761
3665
11857
24150
20071
28269
7789
36463
3700
28286
28288
32385
28290
11906
7816
16013
28306
28311
3737
20122
3738
32414
32415
20129
28322
32419
3749
32423
11944
36526
7864
20154
28349
36543
7873
16069
36549
28380
24284
20189
32477
32483
32484
32490
16107
24300
36595
3828
3829
12022
28411
32509
36607
12034
12040
12041
32523
24341
16150
3865
28443
7965
16158
28446
32546
28451
20262
24359
36648
12074
32555
32559
24381
16192
3910
16199
20297
12105
16201
32586
3918
28495
28498
16212
36694
32605
20317
32607
16233
8041
32621
3951
16242
28530
8054
16246
12153
36738
32643
24454
3980
8078
36750
16276
8092
32668
24476
3997
16292
28586
24491
12205
20398
8115
36787
36790
16311
4026
20412
4037
8141
8149
32725
20439
12251
8161
16354
16355
36835
4074
4076
24556
8174
32752
36850
24563
4085
24567
32759
36862
428
197
85
222
477
426
456
291
442
356
13
276
221
279
330
81
64
248
61
198
130
375
27
53
284
432
118
189
404
62
116
224
256
338
353
376
2
157
196
249
269
345
229
318
9
211
286
29
42
56
99
140
173
394
450
461
112
266
235
243
274
325
342
480
34
271
272
79
83
150
310
435
123
277
278
305
429
436
126
170
416
467
94
176
339
346
379
380
28
55
82
114
131
142
179
195
215
216
257
299
334
366
35
144
451
204
314
323
14
72
139
252
347
369
371
439
109
227
350
385
390
401
104
105
145
182
281
374
407
462
481
23
25
41
63
135
152
199
253
265
324
387
413
43
88
90
191
203
230
267
315
321
361
95
120
121
133
177
285
289
292
433
438
448
465
472
482
11
80
119
151
154
171
186
202
301
307
319
333
403
452
470
30
111
122
138
161
178
206
223
225
244
254
306
336
337
344
400
406
418
60
75
87
91
101
146
231
242
251
296
331
408
471
6
15
16
37
89
93
103
106
107
129
134
181
210
234
259
359
365
372
378
425
459
463
49
97
128
167
188
258
262
288
298
322
352
360
383
398
399
411
444
446
7
44
59
66
86
113
136
160
180
184
194
303
341
396
457
84
147
183
208
237
297
304
313
316
357
362
368
384
412
414
430
20
31
54
67
70
73
92
102
156
163
217
247
280
287
302
312
317
395
440
12
33
115
141
149
158
162
187
200
213
226
240
261
283
295
329
351
367
388
391
410
415
417
454
466
18
22
71
110
125
172
175
185
193
205
209
239
263
328
340
358
363
370
423
427
469
24
38
50
77
132
212
220
268
275
326
393
443
455
0
5
21
39
52
65
159
164
190
218
233
245
264
270
290
294
311
355
389
424
453
458
475
476
479
1
3
4
10
17
45
47
51
69
74
100
143
155
168
169
207
214
232
236
241
246
282
293
309
320
332
349
377
392
397
419
434
441
445
449
460
478
124
127
166
228
468
