254
2560
0
1025
1
515
3
4
8
9
12
13
16
20
2581
21
22
1047
2072
25
26
539
28
32
33
34
1059
36
37
38
39
40
41
2090
43
47
49
563
51
52
2101
53
54
2105
569
57
2618
58
1083
59
1597
64
1602
66
1603
67
68
581
2630
70
1607
2119
72
2121
73
74
2123
76
77
79
82
83
84
85
86
87
88
89
2138
90
91
1116
2140
92
93
2654
607
96
98
99
1126
102
104
1130
106
2667
109
111
113
114
1650
1138
115
1140
116
117
2166
118
120
2681
122
123
125
127
129
131
134
135
136
137
138
140
142
1168
144
1681
145
146
1683
148
149
151
664
1177
665
153
154
155
1692
2204
157
160
162
1187
163
2212
164
1704
168
1193
169
2219
171
173
174
688
176
179
1203
1720
1208
1721
1213
195
1231
719
210
1241
218
1245
2271
2273
1253
235
239
240
243
1784
762
1787
1277
2303
769
263
1802
1291
2318
1806
1807
2322
1811
276
1812
793
796
1823
289
1826
1320
1321
1835
1839
1334
832
1348
2374
327
1866
1357
847
1360
849
341
344
345
347
2409
362
875
363
1899
1389
366
1921
388
908
917
1943
927
1440
931
2469
939
2476
2478
1978
1467
956
1983
1985
1475
453
454
1482
1483
461
2009
1505
492
2037
1018
2045
1535
511
1023
66
55
37
70
39
45
24
40
2
56
69
78
16
87
21
65
44
7
9
51
3
47
62
75
8
29
33
50
73
79
53
67
68
89
0
11
13
14
18
30
43
58
86
26
49
64
80
82
20
5
6
10
22
54
61
77
15
23
31
48
60
84
28
38
41
52
74
