1181
34817
5
18441
28684
36877
14353
12307
16408
10267
2077
6174
12319
12321
30754
12324
18470
6185
6188
28719
14386
26674
34868
2103
8247
36921
30777
30779
24637
28735
24642
4167
28746
8266
20555
4172
20562
26708
32853
91
30813
28765
14430
10335
28767
8288
16481
6242
98
16483
34916
34917
24678
4200
22633
14443
18541
24687
14448
22641
26739
24691
30835
12404
14453
124
22652
14462
24711
16523
24715
4236
20621
37006
8336
22672
145
28818
28820
12438
2198
8343
22681
20634
37019
10398
37022
2211
24741
20645
24745
18604
2224
20656
28850
20662
24762
20666
12476
32960
18625
35010
14534
18631
32970
2251
206
6350
30927
16594
28884
6358
24791
6362
26842
35039
37091
16613
12520
16618
35051
6379
2284
30958
16623
26863
26864
18673
28914
37108
28922
35067
22779
20731
16637
18686
28929
4357
20741
6406
4359
33032
30986
8465
274
20756
24852
16661
24856
28955
24859
37148
20766
28959
33057
20770
8482
22822
16681
301
10541
33074
35123
8500
12596
18753
31043
16708
6468
4421
12615
18762
22858
31054
335
12626
26964
24921
2395
6494
31071
12646
2406
2411
24942
29040
33136
2418
16754
29043
16758
6522
18811
4476
4477
24958
35202
10626
18819
22921
24970
6538
24973
37262
18830
33166
16783
33167
2450
6546
16786
27026
8595
18837
27029
405
14741
10646
10648
14745
16794
4506
14747
12701
12702
10656
4516
33189
18857
37289
4522
10667
8624
4530
10674
435
20917
33205
8630
12729
16828
25023
10692
14788
18885
29127
20938
459
12748
14796
12752
31185
29138
10707
29139
14805
33239
29144
10712
20953
14809
14810
2523
29147
12768
23008
31200
6627
18916
33254
27115
37356
37358
497
37361
27122
29170
16883
25076
23030
18935
10745
29178
20986
6650
25082
37373
6654
25087
6657
2561
14849
2563
29192
8717
29198
35343
18960
18961
4627
16915
31257
37404
27165
23069
31266
8739
18979
549
18981
35366
23083
31277
16944
25139
14900
27189
35381
10807
8761
19001
31293
2622
576
35395
33348
6724
4677
10823
2633
10826
21066
25164
8781
21070
35406
590
21072
33360
37456
37458
14938
2653
21088
8801
29284
12902
6758
8806
10856
21096
33385
27241
8810
29294
33390
10863
33392
2672
27251
17015
19066
31356
4733
25220
12932
33416
6792
31369
25226
10894
2704
657
17043
23188
23189
14997
4758
33430
29336
33436
19101
17053
23198
33440
31394
27298
15010
21154
10928
17072
4792
15036
25280
23233
8898
2758
21191
37575
33480
4809
17097
15050
13003
29387
6859
17100
27346
8915
33492
21205
31450
2782
29406
33504
25315
35562
4843
6892
21233
23281
19187
33523
25334
13046
23286
25337
13050
31483
2811
765
23303
25352
27402
6923
33550
4878
8974
27407
29460
2837
17173
790
23320
4890
19226
31514
35610
23325
15134
25381
8999
29480
9003
11052
29487
35631
6963
19254
21304
2872
9017
29498
37690
35645
19263
6976
13128
4936
27466
21322
4939
17228
37708
35661
855
31576
33625
7003
19293
33633
21346
37730
17252
33638
17257
875
33643
7020
2925
15216
19317
23415
7032
37753
25466
33659
19323
35710
15238
27527
23431
5003
11148
31629
31631
29586
19347
11156
7062
25501
17309
31647
21408
21415
23463
19370
19372
21420
37804
27565
13230
948
21428
37814
953
23481
11194
27582
23488
33729
5059
27589
29638
27590
37831
17352
29642
33740
35790
33745
33746
25559
29656
19417
15321
3037
3039
13282
17378
3042
15330
995
17379
27619
997
33766
3049
35817
37867
3053
23533
19443
23540
13300
13301
37877
3062
9208
7161
35833
17403
31740
11262
17408
17410
5123
15363
23556
7173
3078
1031
13321
5129
33802
31756
15372
21516
37904
35857
1043
27667
11285
23574
19479
9242
19482
33822
37919
5157
15399
33833
5165
1070
21552
35888
25650
9267
35894
9271
27703
13367
1080
25657
19514
13372
33854
25663
13376
19520
35905
1090
1091
13381
19525
25670
11335
29767
3145
37961
7243
15435
35915
19533
29775
27728
17490
37970
17492
3158
25687
19552
3168
21601
11362
29795
7268
33894
7270
29800
33898
29802
13420
23663
38000
19568
25713
11377
5233
35955
23669
29817
19577
5243
35964
13440
11398
9353
5260
3213
23694
3216
1171
17557
21655
15511
11416
7320
25752
9371
5276
7324
9372
3230
11424
3234
7333
19621
38053
36007
9383
21672
21673
3246
33971
5303
27831
29886
5311
3266
15560
1225
9418
11468
29901
33998
19663
25807
17617
29906
31957
27868
36062
15583
5344
9443
5347
38115
7396
17639
5354
15594
38123
29931
31983
34031
29936
3313
21747
11510
13558
9467
34044
1276
7424
29952
13569
32002
29954
32003
9477
36102
34055
1288
11528
15624
3337
32015
3347
36115
27926
21784
5401
38170
27933
13597
15645
25887
34081
11555
27939
11559
3370
29994
3372
29997
11568
27952
23857
30002
5427
19766
1335
25913
21817
25916
1341
15680
21826
27970
7492
21829
9543
21833
23886
27987
32084
5461
17750
23894
30038
7511
9559
15709
5471
25951
1376
21857
13666
25954
17766
15720
5483
19820
21869
36206
3440
17777
32115
5491
30068
36217
23931
3452
23932
9597
34174
17792
36229
28038
15751
3464
32137
3472
13712
26007
17815
21912
36248
32152
3483
34204
1440
32165
13735
5543
32167
30123
26030
19887
23983
34223
30128
1459
15795
23987
17844
15796
30133
32182
17846
19898
11709
7618
13764
21958
7623
32202
3531
19916
3534
30162
30163
28116
36313
21978
5595
30171
36318
34271
11745
21985
26084
34279
24043
36332
19950
32238
3567
36335
34289
17907
22003
19956
28148
5625
3579
1540
5641
28173
9742
22031
32272
9746
11797
13846
11799
1560
11805
15904
22048
22049
1572
22052
17959
30248
34344
11818
15914
32298
17965
34350
1582
34351
34356
22071
13879
28216
36409
20027
22075
7740
1597
32319
17985
32322
17989
17990
30279
15944
3661
28241
24145
32338
28244
7766
1623
15960
5720
9818
36446
26208
20065
11876
13924
13927
3688
26216
34410
3692
34415
3696
30321
9848
13944
3705
22138
13946
30330
11899
22143
22147
36485
7818
32397
9870
22158
34447
18064
16018
13974
3735
3736
24216
30360
16026
36508
13982
28321
20131
13988
22181
32425
1706
26284
28335
28337
34481
32439
22199
9912
11962
32443
5825
5826
16066
16067
30404
3781
36550
5830
16071
11976
18121
22221
3790
16079
32463
20179
3796
1750
16094
18143
1760
9952
16097
26338
5859
28388
12008
34536
24297
5865
22252
14062
22255
26353
7921
12020
28405
22262
3837
32512
12032
26368
7937
14082
24329
22281
12042
22288
7953
12049
24337
14098
24341
30486
30487
32537
36634
5914
24347
18203
36635
26396
24352
16161
26402
3874
5922
12070
24359
16169
26409
30506
36652
20269
34607
5937
10034
34611
32564
18229
20279
5943
32568
18234
24381
32576
1858
22341
28487
20296
8010
10059
28495
36687
18256
20305
24402
1875
10068
26453
14166
5980
14177
30562
12133
8037
24426
32623
1904
16243
8052
3956
8057
30587
18300
22397
32639
8065
32644
36743
18312
30600
24457
32650
34698
8074
8078
34710
34711
18330
24474
22433
10145
4004
8100
8102
12200
8104
12202
16302
4017
36785
32690
32692
4020
30644
16308
1974
10168
8122
8123
18371
10182
4038
4039
10185
30666
30668
26572
1996
12240
26578
18386
14292
32725
2006
30679
34777
2012
20445
26591
22499
32740
20453
2022
2027
16365
6127
10223
30707
8180
22517
32759
36856
36858
2044
14333
26621
8190
408
252
365
200
352
293
131
262
387
139
302
324
339
157
320
175
169
225
59
158
453
173
130
128
298
374
429
152
191
281
412
104
356
23
29
31
53
234
249
366
93
212
421
465
44
198
224
280
406
55
127
238
266
331
383
389
454
12
133
311
403
457
72
80
100
109
355
448
204
222
329
345
359
396
415
450
35
81
99
186
271
316
388
102
111
129
161
188
202
251
272
279
333
362
394
445
469
471
58
67
89
142
143
160
207
211
439
50
114
209
235
283
284
318
390
472
20
73
123
183
242
338
357
373
375
399
414
6
18
98
118
147
163
227
253
276
325
328
337
360
431
0
3
9
16
34
52
85
138
156
195
312
348
442
456
466
94
101
119
144
184
243
305
326
358
391
393
462
467
1
5
84
88
115
176
197
223
237
287
289
436
443
468
13
24
49
90
107
113
141
185
221
229
254
267
269
290
306
425
428
458
14
25
33
86
110
124
194
196
240
245
264
285
286
291
319
427
477
478
480
482
22
41
56
69
105
116
126
134
145
220
230
274
275
297
303
314
315
321
342
368
380
400
416
432
470
47
60
82
120
154
159
162
166
180
181
203
216
217
218
257
270
307
310
313
340
346
370
372
397
413
419
426
433
451
455
27
43
61
62
136
214
239
248
259
261
288
295
343
361
367
378
441
463
2
17
26
39
40
42
46
112
149
167
171
179
199
205
210
236
256
299
317
323
401
407
422
435
452
461
475
479
11
28
45
71
83
132
146
153
219
231
265
296
379
386
404
411
423
424
438
473
4
15
21
30
37
54
64
65
66
68
70
75
76
79
87
92
106
108
121
125
148
164
168
170
172
182
190
193
208
215
232
244
247
258
260
263
292
294
301
330
332
336
344
347
349
350
351
353
363
371
384
398
408
410
420
440
444
446
449
459
476
481
96
103
177
206
341
