108
4355
5891
2568
6413
3858
5907
2840
24
1305
3097
1818
26
3100
3357
30
2335
287
3616
5414
4906
3884
2093
46
48
4656
2609
1589
1845
2102
4666
3645
4932
3142
3659
1871
3410
1623
5214
2654
6241
98
1891
615
5224
4202
5995
2667
5740
112
880
3697
2163
1141
2935
3449
1917
4990
6271
1414
904
5770
398
5521
3474
2708
5785
3744
4772
3495
4007
3244
5548
5040
692
1717
1720
697
4282
1722
1732
5572
4807
4039
971
204
977
3796
2772
3798
3799
6107
3547
6364
4318
3039
1761
3297
5097
1005
2801
1779
5109
6137
3833
6138
1018
763
1021
67
106
72
114
16
121
81
168
15
3
85
117
31
128
129
145
127
134
6
9
24
28
30
84
27
61
99
131
65
89
92
98
126
170
171
63
113
4
47
144
101
17
18
22
35
87
140
160
167
169
5
29
43
45
55
57
73
79
104
122
132
135
158
159
175
10
156
80
