165
4352
4612
9988
4613
3334
2056
4872
1033
2313
11018
1036
4109
8717
9487
2578
5653
6422
10775
4634
7451
10779
286
3870
3615
3872
11042
550
6952
4392
10281
6186
300
3374
50
4662
7227
3644
5695
7487
3905
578
3139
1348
2629
4423
9543
1098
11084
849
3667
9812
4951
6489
10074
7004
4700
1118
7778
8803
2916
11110
1897
5997
7533
3950
4210
10099
3445
9333
10101
2679
10359
5496
11128
8056
10360
124
2173
7549
1921
6273
3203
10627
4228
1157
1669
904
6793
8843
396
909
2194
9876
8853
409
6555
10907
3483
1436
10397
2717
926
7838
10148
11174
9899
7595
7596
1708
430
687
8624
6579
9907
8372
1204
11188
5044
8633
8636
2496
3008
449
6593
6339
9415
7367
9164
1228
5581
9168
9426
9683
2774
10713
9178
4314
9180
9948
7645
5601
5860
6886
3559
999
4072
4586
6124
8941
8431
5105
3060
9972
9717
3832
7928
9976
11000
4088
8441
9721
4859
3581
4607
7167
93
167
53
4
176
96
145
149
14
45
123
125
139
63
175
179
120
148
37
46
50
109
67
89
135
17
78
92
105
110
132
90
97
154
178
29
104
111
138
124
181
5
21
101
122
150
172
3
2
23
43
116
151
166
76
153
16
24
47
82
94
103
164
174
19
22
36
48
58
79
81
83
107
165
1
10
31
51
69
117
130
133
136
137
146
160
163
173
177
118
9
66
159
15
