281
0
1025
5122
1026
2564
5128
13
4621
3598
528
529
1555
4628
1557
1558
1561
4123
27
2588
544
4644
5159
4137
5163
557
1070
3121
2098
51
3123
1589
1591
1083
1084
573
2623
1093
74
3147
4684
3661
2126
595
596
4182
88
1113
92
3166
1122
2658
3173
3688
1129
1130
3180
2670
5231
4207
5234
5235
4730
3708
5244
127
3200
2688
5249
1156
1157
3718
647
3724
3725
3727
657
4244
5269
3734
2199
151
152
2714
3739
4763
156
1694
3744
2724
2725
3238
171
3756
685
4269
3245
177
2230
3767
1721
188
702
2239
4287
4805
5320
1227
2253
2765
209
4821
2266
3290
2269
1246
737
5349
2278
2280
1771
3821
3822
2799
2800
1265
5361
1269
1782
1273
1787
1276
1788
3334
3335
4871
2825
266
3339
1804
4366
3342
1297
2323
788
1812
4372
1301
5397
2841
1819
3867
2333
1821
4381
2338
2345
1323
2861
1837
2350
1840
4401
820
5431
3383
5432
5433
314
2875
318
2886
839
4935
2377
842
1354
4939
3403
2383
3921
2899
854
1366
5463
4952
347
3931
3932
3424
4960
2916
357
2406
1385
2409
5482
4971
2412
2924
4972
1390
368
4977
369
370
3956
3446
3447
2426
1915
4476
3453
3455
4992
5506
388
1924
901
2438
4999
5512
3465
2954
5002
2958
1422
1935
2447
3474
5522
402
916
2966
1433
417
1442
2466
2979
5541
2982
4006
1447
2472
2985
4011
2990
2481
1971
3508
949
5559
954
1978
2493
5567
1474
4549
5575
1994
3021
463
5073
2002
5075
4051
1494
983
3546
990
4577
4584
2537
489
3566
1008
4593
3573
2042
3578
4603
1022
207
96
350
77
251
412
76
121
242
161
9
85
114
227
354
395
19
348
17
55
88
92
210
240
253
80
103
139
153
203
285
323
372
120
221
324
346
371
29
38
68
93
173
230
340
378
20
59
124
134
168
175
199
261
301
355
384
409
2
46
99
142
180
207
229
342
370
411
12
24
31
44
54
70
83
112
135
136
150
191
209
222
252
277
287
316
330
351
393
396
57
65
82
113
131
144
198
204
214
255
256
275
276
303
334
358
367
386
398
401
406
10
27
43
51
60
71
79
84
95
100
104
122
123
179
185
208
250
254
273
282
305
327
404
0
3
13
18
28
42
56
62
66
78
81
86
90
102
107
110
128
147
166
174
176
181
189
194
197
220
226
243
257
266
272
286
292
293
300
302
306
308
310
318
335
339
345
377
382
383
394
407
1
5
11
14
25
26
34
39
94
101
109
116
127
130
158
171
183
278
280
297
322
332
333
359
374
379
