224
12802
4611
11268
8711
14343
1034
2061
14
3598
3088
2065
4629
6167
24
4123
1053
4126
2080
11298
4644
10790
13354
8234
7725
7220
8758
5686
1085
5694
3139
8772
1093
582
2122
9807
10833
84
6741
598
7259
7779
6243
2148
1639
6248
1642
622
3189
4725
5750
3192
7295
13441
10371
644
3720
137
2186
8332
11406
1167
5776
13457
7826
6290
4759
11928
1691
158
5791
10912
9888
8353
2209
12449
11426
11942
12969
10921
8874
3243
5803
172
6831
12975
688
5297
3765
13501
5822
191
12992
1728
11969
11461
12487
202
14030
11477
2262
1751
734
9952
2785
2787
11496
754
8434
1779
13046
1272
13050
10492
252
1277
2821
11015
264
265
4876
7436
6414
270
272
2321
8979
788
3350
10009
6427
4893
4900
807
808
14120
1321
7978
9525
11578
11589
12104
1359
10068
2388
4436
11093
10584
13147
13148
1372
7521
14690
10602
13162
7531
8555
11118
2416
1394
1907
13684
11639
1400
14716
5501
1406
3969
5506
1410
1413
7048
10632
399
14738
7572
916
1941
2466
419
1447
5548
8620
4017
7090
434
14262
10166
10681
12729
955
7104
13249
14786
5571
3013
2505
8652
7116
12238
7120
9682
14803
12246
470
5592
984
473
14810
2012
10206
14303
10208
1504
2018
5094
8167
1004
5101
10735
4591
6128
2035
507
1532
185
149
203
284
258
373
3
218
260
384
424
444
305
167
0
449
481
233
254
14
54
426
432
199
274
290
328
345
357
476
339
441
67
100
237
288
331
104
126
142
176
303
366
39
70
118
121
163
289
420
91
140
210
212
293
319
405
411
478
37
111
113
129
175
249
267
270
302
350
416
464
62
81
116
141
144
250
341
382
385
430
6
10
20
33
41
72
82
88
119
133
143
172
193
227
231
234
235
257
261
269
272
283
304
313
315
326
364
369
371
388
442
453
454
12
22
26
28
40
42
56
59
83
90
98
101
130
153
158
160
164
213
217
220
221
242
252
256
259
262
294
298
330
342
347
351
360
433
455
479
18
34
44
51
58
68
106
127
131
134
157
171
179
202
236
266
279
307
323
334
376
404
462
469
480
23
69
156
251
275
280
287
291
301
306
423
